<?xml version="1.0"?>
<SCT_textFile>
<textList name="SCT Rod-Rob mapping" headings="RodId RobId">
0x240100 0x240100
</textList>
<textList name="SCT cabling mapping" headings="Rod Fibre Bec LayerDisk Eta Phi Side RobId Sn">
79 36 -2 0 0 0 0 0x240100 20220250000070
79 37 -2 0 0 0 1 0x240100 20220250000070
79 12 -2 0 1 0 0 0x240100 20220240100431
79 13 -2 0 1 0 1 0x240100 20220240100431
79 38 -2 0 0 1 0 0x240100 20220130000521
79 39 -2 0 0 1 1 0x240100 20220130000521
79 14 -2 0 1 1 0 0x240100 20220240100586
79 15 -2 0 1 1 1 0x240100 20220240100586
79 40 -2 0 0 2 0 0x240100 20220130000564
79 41 -2 0 0 2 1 0x240100 20220130000564
79 16 -2 0 1 2 0 0x240100 20220240100598
79 17 -2 0 1 2 1 0x240100 20220240100598
79 42 -2 0 0 3 0 0x240100 20220240100666
79 43 -2 0 0 3 1 0x240100 20220240100666
79 18 -2 0 1 3 0 0x240100 20220240100605
79 19 -2 0 1 3 1 0x240100 20220240100605
79 44 -2 0 0 4 0 0x240100 20220130000355
79 45 -2 0 0 4 1 0x240100 20220130000355
79 20 -2 0 1 4 0 0x240100 20220240100573
79 21 -2 0 1 4 1 0x240100 20220240100573
79 46 -2 0 0 5 0 0x240100 20220130000183
79 47 -2 0 0 5 1 0x240100 20220130000183
79 22 -2 0 1 5 0 0x240100 20220240100607
79 23 -2 0 1 5 1 0x240100 20220240100607
79 0 -2 0 0 6 0 0x240100 20220130000181
79 1 -2 0 0 6 1 0x240100 20220130000181
79 2 -2 0 1 6 0 0x240100 20220240100329
79 3 -2 0 1 6 1 0x240100 20220240100329
79 24 -2 0 0 7 0 0x240100 20220240100682
79 25 -2 0 0 7 1 0x240100 20220240100682
79 4 -2 0 1 7 0 0x240100 20220240100599
79 5 -2 0 1 7 1 0x240100 20220240100599
79 26 -2 0 0 8 0 0x240100 20220130000499
79 27 -2 0 0 8 1 0x240100 20220130000499
79 6 -2 0 1 8 0 0x240100 20220240100621
79 7 -2 0 1 8 1 0x240100 20220240100621
79 28 -2 0 0 9 0 0x240100 20220130000562
79 29 -2 0 0 9 1 0x240100 20220130000562
79 8 -2 0 1 9 0 0x240100 20220240100594
79 9 -2 0 1 9 1 0x240100 20220240100594
79 30 -2 0 0 10 0 0x240100 20220240100692
79 31 -2 0 0 10 1 0x240100 20220240100692
79 32 -2 0 0 11 0 0x240100 20220130000500
79 33 -2 0 0 11 1 0x240100 20220130000500
79 34 -2 0 0 12 0 0x240100 20220240100684
79 35 -2 0 0 12 1 0x240100 20220240100684
79 60 -2 1 0 0 0 0x240100 20220390001007
79 61 -2 1 0 0 1 0x240100 20220390001007
79 62 -2 1 0 1 0 0x240100 20220390001079
79 63 -2 1 0 1 1 0x240100 20220390001079
79 64 -2 1 0 2 0 0x240100 20220390001051
79 65 -2 1 0 2 1 0x240100 20220390001051
79 66 -2 1 0 3 0 0x240100 20220390001040
79 67 -2 1 0 3 1 0x240100 20220390001040
79 68 -2 1 0 4 0 0x240100 20220390001029
79 69 -2 1 0 4 1 0x240100 20220390001029
79 70 -2 1 0 5 0 0x240100 20220390001102
79 71 -2 1 0 5 1 0x240100 20220390001102
79 48 -2 1 0 7 0 0x240100 20220390001106
79 49 -2 1 0 7 1 0x240100 20220390001106
79 50 -2 1 0 8 0 0x240100 20220390001095
79 51 -2 1 0 8 1 0x240100 20220390001095
79 52 -2 1 0 9 0 0x240100 20220390001085
79 53 -2 1 0 9 1 0x240100 20220390001085
79 54 -2 1 0 10 0 0x240100 20220390001038
79 55 -2 1 0 10 1 0x240100 20220390001038
79 56 -2 1 0 11 0 0x240100 20220390001024
79 57 -2 1 0 11 1 0x240100 20220390001024
79 58 -2 1 0 12 0 0x240100 20220390001117
79 59 -2 1 0 12 1 0x240100 20220390001117
79 84 -2 2 0 0 0 0x240100 20220390001031
79 85 -2 2 0 0 1 0x240100 20220390001031
79 86 -2 2 0 1 0 0x240100 20220390001065
79 87 -2 2 0 1 1 0x240100 20220390001065
79 88 -2 2 0 2 0 0x240100 20220390001055
79 89 -2 2 0 2 1 0x240100 20220390001055
79 90 -2 2 0 3 0 0x240100 20220390001087
79 91 -2 2 0 3 1 0x240100 20220390001087
79 92 -2 2 0 4 0 0x240100 20220390001064
79 93 -2 2 0 4 1 0x240100 20220390001064
79 94 -2 2 0 5 0 0x240100 20220390001122
79 95 -2 2 0 5 1 0x240100 20220390001122
79 72 -2 2 0 7 0 0x240100 20220390001021
79 73 -2 2 0 7 1 0x240100 20220390001021
79 74 -2 2 0 8 0 0x240100 20220390001107
79 75 -2 2 0 8 1 0x240100 20220390001107
79 76 -2 2 0 9 0 0x240100 20220390001046
79 77 -2 2 0 9 1 0x240100 20220390001046
79 78 -2 2 0 10 0 0x240100 20220390001121
79 79 -2 2 0 10 1 0x240100 20220390001121
79 80 -2 2 0 11 0 0x240100 20220390001004
79 81 -2 2 0 11 1 0x240100 20220390001004
79 82 -2 2 0 12 0 0x240100 20220390001012
79 83 -2 2 0 12 1 0x240100 20220390001012
</textList>
</SCT_textFile>