768 118489090 118489091 
769 118489344 118489345 118489346 118489347 
770 118489600 118489601 118489602 118489603 
771 118489858 118489859 
772 118490114 118490115 
773 118490368 118490369 118490370 118490371 
774 118490624 118490625 118490626 118490627 
775 118490882 118490883 
776 118491138 118491139 
777 118491392 118491393 118491394 118491395 
778 118491648 118491649 118491650 118491651 
779 118491906 118491907 
780 118492162 118492163 
781 118492416 118492417 118492418 118492419 
782 118492672 118492673 118492674 118492675 
783 118492930 118492931 
784 118554624 118554625 118554626 118554627 
785 118554880 118554881 118554882 118554883 
786 118555136 118555137 118555138 118555139 
787 118555392 118555393 118555394 118555395 
788 118555648 118555649 118555650 118555651 
789 118555904 118555905 118555906 118555907 
790 118556160 118556161 118556162 118556163 
791 118556416 118556417 118556418 118556419 
792 118556672 118556673 118556674 118556675 
793 118556928 118556929 118556930 118556931 
794 118557184 118557185 118557186 118557187 
795 118557440 118557441 118557442 118557443 
796 118557696 118557697 118557698 118557699 
797 118557952 118557953 118557954 118557955 
798 118558208 118558209 118558210 118558211 
799 118558464 118558465 118558466 118558467 
800 118620160 118620161 118620162 118620163 
801 118620416 118620417 118620418 118620419 
802 118620672 118620673 118620674 118620675 
803 118620928 118620929 118620930 118620931 
804 118621184 118621185 118621186 118621187 
805 118621440 118621441 118621442 118621443 
806 118621696 118621697 118621698 118621699 
807 118621952 118621953 118621954 118621955 
808 118622208 118622209 118622210 118622211 
809 118622464 118622465 118622466 118622467 
810 118622720 118622721 118622722 118622723 
811 118622976 118622977 118622978 118622979 
812 118623232 118623233 118623234 118623235 
813 118623488 118623489 118623490 118623491 
814 118623744 118623745 118623746 118623747 
815 118624000 118624001 118624002 118624003 
816 118685696 118685697 118685698 118685699 
817 118685952 118685953 118685954 118685955 
818 118686208 118686209 118686210 118686211 
819 118686464 118686465 118686466 118686467 
820 118686720 118686721 118686722 118686723 
821 118686976 118686977 118686978 118686979 
822 118687232 118687233 118687234 118687235 
823 118687488 118687489 118687490 118687491 
824 118687744 118687745 118687746 118687747 
825 118688000 118688001 118688002 118688003 
826 118688256 118688257 118688258 118688259 
827 118688512 118688513 118688514 118688515 
828 118688768 118688769 118688770 118688771 
829 118689024 118689025 118689026 118689027 
830 118689280 118689281 118689282 118689283 
831 118689536 118689537 118689538 118689539 
832 118751234 118751235 
833 118751488 118751489 118751490 118751491 
834 118751744 118751745 118751746 118751747 
835 118752002 118752003 
836 118752258 118752259 
837 118752512 118752513 118752514 118752515 
838 118752768 118752769 118752770 118752771 
839 118753026 118753027 
840 118753282 118753283 
841 118753536 118753537 118753538 118753539 
842 118753792 118753793 118753794 118753795 
843 118754050 118754051 
844 118754306 118754307 
845 118754560 118754561 118754562 118754563 
846 118754816 118754817 118754818 118754819 
847 118755074 118755075 
848 118816768 118816769 118816770 118816771 
849 118817024 118817025 118817026 118817027 
850 118817280 118817281 118817282 118817283 
851 118817536 118817537 118817538 118817539 
852 118817792 118817793 118817794 118817795 
853 118818048 118818049 118818050 118818051 
854 118818304 118818305 118818306 118818307 
855 118818560 118818561 118818562 118818563 
856 118818816 118818817 118818818 118818819 
857 118819072 118819073 118819074 118819075 
858 118819328 118819329 118819330 118819331 
859 118819584 118819585 118819586 118819587 
860 118819840 118819841 118819842 118819843 
861 118820096 118820097 118820098 118820099 
862 118820352 118820353 118820354 118820355 
863 118820608 118820609 118820610 118820611 
864 118882304 118882305 118882306 118882307 
865 118882560 118882561 118882562 118882563 
866 118882816 118882817 118882818 118882819 
867 118883072 118883073 118883074 118883075 
868 118883328 118883329 118883330 118883331 
869 118883584 118883585 118883586 118883587 
870 118883840 118883841 118883842 118883843 
871 118884096 118884097 118884098 118884099 
872 118884352 118884353 118884354 118884355 
873 118884608 118884609 118884610 118884611 
874 118884864 118884865 118884866 118884867 
875 118885120 118885121 118885122 118885123 
876 118885376 118885377 118885378 118885379 
877 118885632 118885633 118885634 118885635 
878 118885888 118885889 118885890 118885891 
879 118886144 118886145 118886146 118886147 
880 118947840 118947841 118947842 118947843 
881 118948096 118948097 118948098 118948099 
882 118948352 118948353 118948354 118948355 
883 118948608 118948609 118948610 118948611 
884 118948864 118948865 118948866 118948867 
885 118949120 118949121 118949122 118949123 
886 118949376 118949377 118949378 118949379 
887 118949632 118949633 118949634 118949635 
888 118949888 118949889 118949890 118949891 
889 118950144 118950145 118950146 118950147 
890 118950400 118950401 118950402 118950403 
891 118950656 118950657 118950658 118950659 
892 118950912 118950913 118950914 118950915 
893 118951168 118951169 118951170 118951171 
894 118951424 118951425 118951426 118951427 
895 118951680 118951681 118951682 118951683 
1024 119013378 119013379 
1025 119013632 119013633 119013634 119013635 
1026 119013888 119013889 119013890 119013891 
1027 119014146 119014147 
1028 119014402 119014403 
1029 119014656 119014657 119014658 119014659 
1030 119014912 119014913 119014914 119014915 
1031 119015170 119015171 
1032 119015426 119015427 
1033 119015680 119015681 119015682 119015683 
1034 119015936 119015937 119015938 119015939 
1035 119016194 119016195 
1036 119016450 119016451 
1037 119016704 119016705 119016706 119016707 
1038 119016960 119016961 119016962 119016963 
1039 119017218 119017219 
1040 119078912 119078913 119078914 119078915 
1041 119079168 119079169 119079170 119079171 
1042 119079424 119079425 119079426 119079427 
1043 119079680 119079681 119079682 119079683 
1044 119079936 119079937 119079938 119079939 
1045 119080192 119080193 119080194 119080195 
1046 119080448 119080449 119080450 119080451 
1047 119080704 119080705 119080706 119080707 
1048 119080960 119080961 119080962 119080963 
1049 119081216 119081217 119081218 119081219 
1050 119081472 119081473 119081474 119081475 
1051 119081728 119081729 119081730 119081731 
1052 119081984 119081985 119081986 119081987 
1053 119082240 119082241 119082242 119082243 
1054 119082496 119082497 119082498 119082499 
1055 119082752 119082753 119082754 119082755 
1056 119144448 119144449 119144450 119144451 
1057 119144704 119144705 119144706 119144707 
1058 119144960 119144961 119144962 119144963 
1059 119145216 119145217 119145218 119145219 
1060 119145472 119145473 119145474 119145475 
1061 119145728 119145729 119145730 119145731 
1062 119145984 119145985 119145986 119145987 
1063 119146240 119146241 119146242 119146243 
1064 119146496 119146497 119146498 119146499 
1065 119146752 119146753 119146754 119146755 
1066 119147008 119147009 119147010 119147011 
1067 119147264 119147265 119147266 119147267 
1068 119147520 119147521 119147522 119147523 
1069 119147776 119147777 119147778 119147779 
1070 119148032 119148033 119148034 119148035 
1071 119148288 119148289 119148290 119148291 
1072 119209984 119209985 119209986 119209987 
1073 119210240 119210241 119210242 119210243 
1074 119210496 119210497 119210498 119210499 
1075 119210752 119210753 119210754 119210755 
1076 119211008 119211009 119211010 119211011 
1077 119211264 119211265 119211266 119211267 
1078 119211520 119211521 119211522 119211523 
1079 119211776 119211777 119211778 119211779 
1080 119212032 119212033 119212034 119212035 
1081 119212288 119212289 119212290 119212291 
1082 119212544 119212545 119212546 119212547 
1083 119212800 119212801 119212802 119212803 
1084 119213056 119213057 119213058 119213059 
1085 119213312 119213313 119213314 119213315 
1086 119213568 119213569 119213570 119213571 
1087 119213824 119213825 119213826 119213827 
1088 119275522 119275523 
1089 119275776 119275777 119275778 119275779 
1090 119276032 119276033 119276034 119276035 
1091 119276290 119276291 
1092 119276546 119276547 
1093 119276800 119276801 119276802 119276803 
1094 119277056 119277057 119277058 119277059 
1095 119277314 119277315 
1096 119277570 119277571 
1097 119277824 119277825 119277826 119277827 
1098 119278080 119278081 119278082 119278083 
1099 119278338 119278339 
1100 119278594 119278595 
1101 119278848 119278849 119278850 119278851 
1102 119279104 119279105 119279106 119279107 
1103 119279362 119279363 
1104 119341056 119341057 119341058 119341059 
1105 119341312 119341313 119341314 119341315 
1106 119341568 119341569 119341570 119341571 
1107 119341824 119341825 119341826 119341827 
1108 119342080 119342081 119342082 119342083 
1109 119342336 119342337 119342338 119342339 
1110 119342592 119342593 119342594 119342595 
1111 119342848 119342849 119342850 119342851 
1112 119343104 119343105 119343106 119343107 
1113 119343360 119343361 119343362 119343363 
1114 119343616 119343617 119343618 119343619 
1115 119343872 119343873 119343874 119343875 
1116 119344128 119344129 119344130 119344131 
1117 119344384 119344385 119344386 119344387 
1118 119344640 119344641 119344642 119344643 
1119 119344896 119344897 119344898 119344899 
1120 119406592 119406593 119406594 119406595 
1121 119406848 119406849 119406850 119406851 
1122 119407104 119407105 119407106 119407107 
1123 119407360 119407361 119407362 119407363 
1124 119407616 119407617 119407618 119407619 
1125 119407872 119407873 119407874 119407875 
1126 119408128 119408129 119408130 119408131 
1127 119408384 119408385 119408386 119408387 
1128 119408640 119408641 119408642 119408643 
1129 119408896 119408897 119408898 119408899 
1130 119409152 119409153 119409154 119409155 
1131 119409408 119409409 119409410 119409411 
1132 119409664 119409665 119409666 119409667 
1133 119409920 119409921 119409922 119409923 
1134 119410176 119410177 119410178 119410179 
1135 119410432 119410433 119410434 119410435 
1136 119472128 119472129 119472130 119472131 
1137 119472384 119472385 119472386 119472387 
1138 119472640 119472641 119472642 119472643 
1139 119472896 119472897 119472898 119472899 
1140 119473152 119473153 119473154 119473155 
1141 119473408 119473409 119473410 119473411 
1142 119473664 119473665 119473666 119473667 
1143 119473920 119473921 119473922 119473923 
1144 119474176 119474177 119474178 119474179 
1145 119474432 119474433 119474434 119474435 
1146 119474688 119474689 119474690 119474691 
1147 119474944 119474945 119474946 119474947 
1148 119475200 119475201 119475202 119475203 
1149 119475456 119475457 119475458 119475459 
1150 119475712 119475713 119475714 119475715 
1151 119475968 119475969 119475970 119475971 
10768 101908480 101908481 101908482 101908483 
10769 101908736 101908737 
10770 101908992 101908993 
10771 101909248 101909249 101909250 101909251 
10772 101909504 101909505 101909506 101909507 
10773 101909760 101909761 
10774 101910016 101910017 
10775 101910272 101910273 101910274 101910275 
10776 101910528 101910529 101910530 101910531 
10777 101910784 101910785 
10778 101911040 101911041 
10779 101911296 101911297 101911298 101911299 
10780 101911552 101911553 101911554 101911555 
10781 101911808 101911809 
10782 101912064 101912065 
10783 101912320 101912321 101912322 101912323 
10784 101842944 101842945 101842946 101842947 
10785 101843200 101843201 101843202 101843203 
10786 101843456 101843457 101843458 101843459 
10787 101843712 101843713 101843714 101843715 
10788 101843968 101843969 101843970 101843971 
10789 101844224 101844225 101844226 101844227 
10790 101844480 101844481 101844482 101844483 
10791 101844736 101844737 101844738 101844739 
10792 101844992 101844993 101844994 101844995 
10793 101845248 101845249 101845250 101845251 
10794 101845504 101845505 101845506 101845507 
10795 101845760 101845761 101845762 101845763 
10796 101846016 101846017 101846018 101846019 
10797 101846272 101846273 101846274 101846275 
10798 101846528 101846529 101846530 101846531 
10799 101846784 101846785 101846786 101846787 
10800 101777408 101777409 101777410 101777411 
10801 101777664 101777665 101777666 101777667 
10802 101777920 101777921 101777922 101777923 
10803 101778176 101778177 101778178 101778179 
10804 101778432 101778433 101778434 101778435 
10805 101778688 101778689 101778690 101778691 
10806 101778944 101778945 101778946 101778947 
10807 101779200 101779201 101779202 101779203 
10808 101779456 101779457 101779458 101779459 
10809 101779712 101779713 101779714 101779715 
10810 101779968 101779969 101779970 101779971 
10811 101780224 101780225 101780226 101780227 
10812 101780480 101780481 101780482 101780483 
10813 101780736 101780737 101780738 101780739 
10814 101780992 101780993 101780994 101780995 
10815 101781248 101781249 101781250 101781251 
10816 101711872 101711873 101711874 101711875 
10817 101712128 101712129 101712130 101712131 
10818 101712384 101712385 101712386 101712387 
10819 101712640 101712641 101712642 101712643 
10820 101712896 101712897 101712898 101712899 
10821 101713152 101713153 101713154 101713155 
10822 101713408 101713409 101713410 101713411 
10823 101713664 101713665 101713666 101713667 
10824 101713920 101713921 101713922 101713923 
10825 101714176 101714177 101714178 101714179 
10826 101714432 101714433 101714434 101714435 
10827 101714688 101714689 101714690 101714691 
10828 101714944 101714945 101714946 101714947 
10829 101715200 101715201 101715202 101715203 
10830 101715456 101715457 101715458 101715459 
10831 101715712 101715713 101715714 101715715 
10832 102170624 102170625 102170626 102170627 
10833 102170880 102170881 
10834 102171136 102171137 
10835 102171392 102171393 102171394 102171395 
10836 102171648 102171649 102171650 102171651 
10837 102171904 102171905 
10838 102172160 102172161 
10839 102172416 102172417 102172418 102172419 
10840 102172672 102172673 102172674 102172675 
10841 102172928 102172929 
10842 102173184 102173185 
10843 102173440 102173441 102173442 102173443 
10844 102173696 102173697 102173698 102173699 
10845 102173952 102173953 
10846 102174208 102174209 
10847 102174464 102174465 102174466 102174467 
10848 102105088 102105089 102105090 102105091 
10849 102105344 102105345 102105346 102105347 
10850 102105600 102105601 102105602 102105603 
10851 102105856 102105857 102105858 102105859 
10852 102106112 102106113 102106114 102106115 
10853 102106368 102106369 102106370 102106371 
10854 102106624 102106625 102106626 102106627 
10855 102106880 102106881 102106882 102106883 
10856 102107136 102107137 102107138 102107139 
10857 102107392 102107393 102107394 102107395 
10858 102107648 102107649 102107650 102107651 
10859 102107904 102107905 102107906 102107907 
10860 102108160 102108161 102108162 102108163 
10861 102108416 102108417 102108418 102108419 
10862 102108672 102108673 102108674 102108675 
10863 102108928 102108929 102108930 102108931 
10864 102039552 102039553 102039554 102039555 
10865 102039808 102039809 102039810 102039811 
10866 102040064 102040065 102040066 102040067 
10867 102040320 102040321 102040322 102040323 
10868 102040576 102040577 102040578 102040579 
10869 102040832 102040833 102040834 102040835 
10870 102041088 102041089 102041090 102041091 
10871 102041344 102041345 102041346 102041347 
10872 102041600 102041601 102041602 102041603 
10873 102041856 102041857 102041858 102041859 
10874 102042112 102042113 102042114 102042115 
10875 102042368 102042369 102042370 102042371 
10876 102042624 102042625 102042626 102042627 
10877 102042880 102042881 102042882 102042883 
10878 102043136 102043137 102043138 102043139 
10879 102043392 102043393 102043394 102043395 
10880 101974016 101974017 101974018 101974019 
10881 101974272 101974273 101974274 101974275 
10882 101974528 101974529 101974530 101974531 
10883 101974784 101974785 101974786 101974787 
10884 101975040 101975041 101975042 101975043 
10885 101975296 101975297 101975298 101975299 
10886 101975552 101975553 101975554 101975555 
10887 101975808 101975809 101975810 101975811 
10888 101976064 101976065 101976066 101976067 
10889 101976320 101976321 101976322 101976323 
10890 101976576 101976577 101976578 101976579 
10891 101976832 101976833 101976834 101976835 
10892 101977088 101977089 101977090 101977091 
10893 101977344 101977345 101977346 101977347 
10894 101977600 101977601 101977602 101977603 
10895 101977856 101977857 101977858 101977859 
11024 102432768 102432769 102432770 102432771 
11025 102433024 102433025 
11026 102433280 102433281 
11027 102433536 102433537 102433538 102433539 
11028 102433792 102433793 102433794 102433795 
11029 102434048 102434049 
11030 102434304 102434305 
11031 102434560 102434561 102434562 102434563 
11032 102434816 102434817 102434818 102434819 
11033 102435072 102435073 
11034 102435328 102435329 
11035 102435584 102435585 102435586 102435587 
11036 102435840 102435841 102435842 102435843 
11037 102436096 102436097 
11038 102436352 102436353 
11039 102436608 102436609 102436610 102436611 
11040 102367232 102367233 102367234 102367235 
11041 102367488 102367489 102367490 102367491 
11042 102367744 102367745 102367746 102367747 
11043 102368000 102368001 102368002 102368003 
11044 102368256 102368257 102368258 102368259 
11045 102368512 102368513 102368514 102368515 
11046 102368768 102368769 102368770 102368771 
11047 102369024 102369025 102369026 102369027 
11048 102369280 102369281 102369282 102369283 
11049 102369536 102369537 102369538 102369539 
11050 102369792 102369793 102369794 102369795 
11051 102370048 102370049 102370050 102370051 
11052 102370304 102370305 102370306 102370307 
11053 102370560 102370561 102370562 102370563 
11054 102370816 102370817 102370818 102370819 
11055 102371072 102371073 102371074 102371075 
11056 102301696 102301697 102301698 102301699 
11057 102301952 102301953 102301954 102301955 
11058 102302208 102302209 102302210 102302211 
11059 102302464 102302465 102302466 102302467 
11060 102302720 102302721 102302722 102302723 
11061 102302976 102302977 102302978 102302979 
11062 102303232 102303233 102303234 102303235 
11063 102303488 102303489 102303490 102303491 
11064 102303744 102303745 102303746 102303747 
11065 102304000 102304001 102304002 102304003 
11066 102304256 102304257 102304258 102304259 
11067 102304512 102304513 102304514 102304515 
11068 102304768 102304769 102304770 102304771 
11069 102305024 102305025 102305026 102305027 
11070 102305280 102305281 102305282 102305283 
11071 102305536 102305537 102305538 102305539 
11072 102236160 102236161 102236162 102236163 
11073 102236416 102236417 102236418 102236419 
11074 102236672 102236673 102236674 102236675 
11075 102236928 102236929 102236930 102236931 
11076 102237184 102237185 102237186 102237187 
11077 102237440 102237441 102237442 102237443 
11078 102237696 102237697 102237698 102237699 
11079 102237952 102237953 102237954 102237955 
11080 102238208 102238209 102238210 102238211 
11081 102238464 102238465 102238466 102238467 
11082 102238720 102238721 102238722 102238723 
11083 102238976 102238977 102238978 102238979 
11084 102239232 102239233 102239234 102239235 
11085 102239488 102239489 102239490 102239491 
11086 102239744 102239745 102239746 102239747 
11087 102240000 102240001 102240002 102240003 
11088 102694912 102694913 102694914 102694915 
11089 102695168 102695169 
11090 102695424 102695425 
11091 102695680 102695681 102695682 102695683 
11092 102695936 102695937 102695938 102695939 
11093 102696192 102696193 
11094 102696448 102696449 
11095 102696704 102696705 102696706 102696707 
11096 102696960 102696961 102696962 102696963 
11097 102697216 102697217 
11098 102697472 102697473 
11099 102697728 102697729 102697730 102697731 
11100 102697984 102697985 102697986 102697987 
11101 102698240 102698241 
11102 102698496 102698497 
11103 102698752 102698753 102698754 102698755 
11104 102629376 102629377 102629378 102629379 
11105 102629632 102629633 102629634 102629635 
11106 102629888 102629889 102629890 102629891 
11107 102630144 102630145 102630146 102630147 
11108 102630400 102630401 102630402 102630403 
11109 102630656 102630657 102630658 102630659 
11110 102630912 102630913 102630914 102630915 
11111 102631168 102631169 102631170 102631171 
11112 102631424 102631425 102631426 102631427 
11113 102631680 102631681 102631682 102631683 
11114 102631936 102631937 102631938 102631939 
11115 102632192 102632193 102632194 102632195 
11116 102632448 102632449 102632450 102632451 
11117 102632704 102632705 102632706 102632707 
11118 102632960 102632961 102632962 102632963 
11119 102633216 102633217 102633218 102633219 
11120 102563840 102563841 102563842 102563843 
11121 102564096 102564097 102564098 102564099 
11122 102564352 102564353 102564354 102564355 
11123 102564608 102564609 102564610 102564611 
11124 102564864 102564865 102564866 102564867 
11125 102565120 102565121 102565122 102565123 
11126 102565376 102565377 102565378 102565379 
11127 102565632 102565633 102565634 102565635 
11128 102565888 102565889 102565890 102565891 
11129 102566144 102566145 102566146 102566147 
11130 102566400 102566401 102566402 102566403 
11131 102566656 102566657 102566658 102566659 
11132 102566912 102566913 102566914 102566915 
11133 102567168 102567169 102567170 102567171 
11134 102567424 102567425 102567426 102567427 
11135 102567680 102567681 102567682 102567683 
11136 102498304 102498305 102498306 102498307 
11137 102498560 102498561 102498562 102498563 
11138 102498816 102498817 102498818 102498819 
11139 102499072 102499073 102499074 102499075 
11140 102499328 102499329 102499330 102499331 
11141 102499584 102499585 102499586 102499587 
11142 102499840 102499841 102499842 102499843 
11143 102500096 102500097 102500098 102500099 
11144 102500352 102500353 102500354 102500355 
11145 102500608 102500609 102500610 102500611 
11146 102500864 102500865 102500866 102500867 
11147 102501120 102501121 102501122 102501123 
11148 102501376 102501377 102501378 102501379 
11149 102501632 102501633 102501634 102501635 
11150 102501888 102501889 102501890 102501891 
11151 102502144 102502145 102502146 102502147 
