# fpga towerID iEta iPhi eta phi
0 0 0 0 0 0
4 1 0 0 0 0
0 2 0 0 0 0
4 3 0 0 0 0
0 4 0 0 0 0
4 5 0 0 0 0
0 6 0 0 0 0
4 7 0 0 0 0
0 8 0 0 0 0
4 9 0 0 0 0
0 10 0 0 0 0
4 11 0 0 0 0
0 12 0 0 0 0
4 13 0 0 0 0
0 14 0 0 0 0
4 15 0 0 0 0
0 16 0 0 0 0
4 17 0 0 0 0
0 18 0 0 0 0
4 19 0 0 0 0
0 20 0 0 0 0
4 21 0 0 0 0
0 22 0 0 0 0
4 23 0 0 0 0
0 24 0 0 0 0
4 25 0 0 0 0
0 26 0 0 0 0
4 27 0 0 0 0
0 28 0 0 0 0
4 29 0 0 0 0
0 30 0 0 0 0
4 31 0 0 0 0
0 32 0 0 0 0
4 33 0 0 0 0
0 34 0 0 0 0
4 35 0 0 0 0
0 36 0 0 0 0
4 37 0 0 0 0
0 38 0 0 0 0
4 39 0 0 0 0
0 40 0 0 0 0
4 41 0 0 0 0
0 42 0 0 0 0
4 43 0 0 0 0
0 44 0 0 0 0
4 45 0 0 0 0
0 46 0 0 0 0
4 47 0 0 0 0
0 48 0 0 0 0
4 49 0 0 0 0
0 50 0 0 0 0
4 51 0 0 0 0
0 52 0 0 0 0
4 53 0 0 0 0
0 54 0 0 0 0
4 55 0 0 0 0
0 56 0 0 0 0
4 57 0 0 0 0
0 58 0 0 0 0
4 59 0 0 0 0
0 60 0 0 0 0
4 61 0 0 0 0
0 62 0 0 0 0
4 63 0 0 0 0
0 64 0 0 0 0
4 65 0 0 0 0
0 66 0 0 0 0
4 67 0 0 0 0
0 68 0 0 0 0
4 69 0 0 0 0
0 70 0 0 0 0
4 71 0 0 0 0
0 72 0 0 0 0
4 73 0 0 0 0
0 74 0 0 0 0
4 75 0 0 0 0
0 76 0 0 0 0
4 77 0 0 0 0
0 78 0 0 0 0
4 79 0 0 0 0
0 80 0 0 0 0
4 81 0 0 0 0
0 82 0 0 0 0
4 83 0 0 0 0
0 84 0 0 0 0
4 85 0 0 0 0
0 86 0 0 0 0
4 87 0 0 0 0
0 88 0 0 0 0
4 89 0 0 0 0
0 90 0 0 0 0
4 91 0 0 0 0
0 92 0 0 0 0
4 93 0 0 0 0
0 94 0 0 0 0
4 95 0 0 0 0
0 96 0 0 0 0
4 97 0 0 0 0
0 98 0 0 0 0
4 99 0 0 0 0
0 100 0 0 0 0
4 101 0 0 0 0
0 102 0 0 0 0
4 103 0 0 0 0
0 104 0 0 0 0
4 105 0 0 0 0
0 106 0 0 0 0
4 107 0 0 0 0
0 108 0 0 0 0
4 109 0 0 0 0
0 110 0 0 0 0
4 111 0 0 0 0
0 112 0 0 0 0
4 113 0 0 0 0
0 114 0 0 0 0
4 115 0 0 0 0
0 116 0 0 0 0
4 117 0 0 0 0
0 118 0 0 0 0
4 119 0 0 0 0
0 120 0 0 0 0
4 121 0 0 0 0
0 122 0 0 0 0
4 123 0 0 0 0
0 124 0 0 0 0
4 125 0 0 0 0
0 126 0 0 0 0
4 127 0 0 0 0
0 128 0 0 0 0
4 129 0 0 0 0
0 130 0 0 0 0
4 131 0 0 0 0
0 132 0 0 0 0
4 133 0 0 0 0
0 134 0 0 0 0
4 135 0 0 0 0
0 136 0 0 0 0
4 137 0 0 0 0
0 138 0 0 0 0
4 139 0 0 0 0
0 140 0 0 0 0
4 141 0 0 0 0
0 142 0 0 0 0
4 143 0 0 0 0
0 144 0 0 0 0
4 145 0 0 0 0
0 146 0 0 0 0
4 147 0 0 0 0
0 148 0 0 0 0
4 149 0 0 0 0
0 150 0 0 0 0
4 151 0 0 0 0
0 152 0 0 0 0
4 153 0 0 0 0
0 154 0 0 0 0
4 155 0 0 0 0
0 156 0 0 0 0
4 157 0 0 0 0
0 158 0 0 0 0
4 159 0 0 0 0
0 160 0 0 0 0
4 161 0 0 0 0
0 162 0 0 0 0
4 163 0 0 0 0
0 164 0 0 0 0
4 165 0 0 0 0
0 166 0 0 0 0
4 167 0 0 0 0
0 168 0 0 0 0
4 169 0 0 0 0
0 170 0 0 0 0
4 171 0 0 0 0
0 172 0 0 0 0
4 173 0 0 0 0
0 174 0 0 0 0
4 175 0 0 0 0
0 176 0 0 0 0
4 177 0 0 0 0
0 178 0 0 0 0
4 179 0 0 0 0
0 180 0 0 0 0
4 181 0 0 0 0
0 182 0 0 0 0
4 183 0 0 0 0
0 184 0 0 0 0
4 185 0 0 0 0
0 186 0 0 0 0
4 187 0 0 0 0
0 188 0 0 0 0
4 189 0 0 0 0
0 190 0 0 0 0
4 191 0 0 0 0
0 192 0 0 0 0
4 193 0 0 0 0
0 194 0 0 0 0
4 195 0 0 0 0
0 196 0 0 0 0
4 197 0 0 0 0
0 198 0 0 0 0
4 199 0 0 0 0
0 200 0 0 0 0
4 201 0 0 0 0
0 202 0 0 0 0
4 203 0 0 0 0
0 204 0 0 0 0
4 205 0 0 0 0
0 206 0 0 0 0
4 207 0 0 0 0
0 208 0 0 0 0
4 209 0 0 0 0
0 210 0 0 0 0
4 211 0 0 0 0
0 212 0 0 0 0
4 213 0 0 0 0
0 214 0 0 0 0
4 215 0 0 0 0
0 216 0 0 0 0
4 217 0 0 0 0
0 218 0 0 0 0
4 219 0 0 0 0
0 220 0 0 0 0
4 221 0 0 0 0
0 222 0 0 0 0
4 223 0 0 0 0
0 224 0 0 0 0
4 225 0 0 0 0
0 226 0 0 0 0
4 227 0 0 0 0
0 228 0 0 0 0
4 229 0 0 0 0
0 230 0 0 0 0
4 231 0 0 0 0
0 232 0 0 0 0
4 233 0 0 0 0
0 234 0 0 0 0
4 235 0 0 0 0
0 236 0 0 0 0
4 237 0 0 0 0
0 238 0 0 0 0
4 239 0 0 0 0
0 240 0 0 0 0
4 241 0 0 0 0
0 242 0 0 0 0
4 243 0 0 0 0
0 244 0 0 0 0
4 245 0 0 0 0
0 246 0 0 0 0
4 247 0 0 0 0
0 248 0 0 0 0
4 249 0 0 0 0
0 250 0 0 0 0
4 251 0 0 0 0
0 252 0 0 0 0
4 253 0 0 0 0
0 254 0 0 0 0
4 255 0 0 0 0
0 256 0 0 0 0
4 257 0 0 0 0
0 258 0 0 0 0
4 259 0 0 0 0
0 260 0 0 0 0
4 261 0 0 0 0
0 262 0 0 0 0
4 263 0 0 0 0
0 264 0 0 0 0
4 265 0 0 0 0
0 266 0 0 0 0
4 267 0 0 0 0
0 268 0 0 0 0
4 269 0 0 0 0
0 270 0 0 0 0
4 271 0 0 0 0
0 272 0 0 0 0
4 273 0 0 0 0
0 274 0 0 0 0
4 275 0 0 0 0
0 276 0 0 0 0
4 277 0 0 0 0
0 278 0 0 0 0
4 279 0 0 0 0
0 280 0 0 0 0
4 281 0 0 0 0
0 282 0 0 0 0
4 283 0 0 0 0
0 284 0 0 0 0
4 285 0 0 0 0
0 286 0 0 0 0
4 287 0 0 0 0
0 288 0 0 0 0
4 289 0 0 0 0
0 290 0 0 0 0
4 291 0 0 0 0
0 292 0 0 0 0
4 293 0 0 0 0
0 294 0 0 0 0
4 295 0 0 0 0
0 296 0 0 0 0
4 297 0 0 0 0
0 298 0 0 0 0
4 299 0 0 0 0
0 300 0 0 0 0
4 301 0 0 0 0
0 302 0 0 0 0
4 303 0 0 0 0
0 304 0 0 0 0
4 305 0 0 0 0
0 306 0 0 0 0
4 307 0 0 0 0
0 308 0 0 0 0
4 309 0 0 0 0
0 310 0 0 0 0
4 311 0 0 0 0
0 312 0 0 0 0
4 313 0 0 0 0
0 314 0 0 0 0
4 315 0 0 0 0
0 316 0 0 0 0
4 317 0 0 0 0
0 318 0 0 0 0
4 319 0 0 0 0
0 320 0 0 0 0
4 321 0 0 0 0
0 322 0 0 0 0
4 323 0 0 0 0
0 324 0 0 0 0
4 325 0 0 0 0
0 326 0 0 0 0
4 327 0 0 0 0
0 328 0 0 0 0
4 329 0 0 0 0
0 330 0 0 0 0
4 331 0 0 0 0
0 332 0 0 0 0
4 333 0 0 0 0
0 334 0 0 0 0
4 335 0 0 0 0
0 336 0 0 0 0
4 337 0 0 0 0
0 338 0 0 0 0
4 339 0 0 0 0
0 340 0 0 0 0
4 341 0 0 0 0
0 342 0 0 0 0
4 343 0 0 0 0
0 344 0 0 0 0
4 345 0 0 0 0
0 346 0 0 0 0
4 347 0 0 0 0
0 348 0 0 0 0
4 349 0 0 0 0
0 350 0 0 0 0
4 351 0 0 0 0
0 352 0 0 0 0
4 353 0 0 0 0
0 354 0 0 0 0
4 355 0 0 0 0
0 356 0 0 0 0
4 357 0 0 0 0
0 358 0 0 0 0
4 359 0 0 0 0
0 360 0 0 0 0
4 361 0 0 0 0
0 362 0 0 0 0
4 363 0 0 0 0
0 364 0 0 0 0
4 365 0 0 0 0
0 366 0 0 0 0
4 367 0 0 0 0
0 368 0 0 0 0
4 369 0 0 0 0
0 370 0 0 0 0
4 371 0 0 0 0
0 372 0 0 0 0
4 373 0 0 0 0
0 374 0 0 0 0
4 375 0 0 0 0
0 376 0 0 0 0
4 377 0 0 0 0
0 378 0 0 0 0
4 379 0 0 0 0
0 380 0 0 0 0
4 381 0 0 0 0
0 382 0 0 0 0
4 383 0 0 0 0
0 384 0 0 0 0
4 385 0 0 0 0
0 386 0 0 0 0
4 387 0 0 0 0
0 388 0 0 0 0
4 389 0 0 0 0
0 390 0 0 0 0
4 391 0 0 0 0
0 392 0 0 0 0
4 393 0 0 0 0
0 394 0 0 0 0
4 395 0 0 0 0
0 396 0 0 0 0
4 397 0 0 0 0
0 398 0 0 0 0
4 399 0 0 0 0
0 400 0 0 0 0
4 401 0 0 0 0
0 402 0 0 0 0
4 403 0 0 0 0
0 404 0 0 0 0
4 405 0 0 0 0
0 406 0 0 0 0
4 407 0 0 0 0
0 408 0 0 0 0
4 409 0 0 0 0
0 410 0 0 0 0
4 411 0 0 0 0
0 412 0 0 0 0
4 413 0 0 0 0
0 414 0 0 0 0
4 415 0 0 0 0
0 416 0 0 0 0
4 417 0 0 0 0
0 418 0 0 0 0
4 419 0 0 0 0
0 420 0 0 0 0
4 421 0 0 0 0
0 422 0 0 0 0
4 423 0 0 0 0
0 424 0 0 0 0
4 425 0 0 0 0
0 426 0 0 0 0
4 427 0 0 0 0
0 428 0 0 0 0
4 429 0 0 0 0
0 430 0 0 0 0
4 431 0 0 0 0
0 432 0 0 0 0
4 433 0 0 0 0
0 434 0 0 0 0
4 435 0 0 0 0
0 436 0 0 0 0
4 437 0 0 0 0
0 438 0 0 0 0
4 439 0 0 0 0
0 440 0 0 0 0
4 441 0 0 0 0
0 442 0 0 0 0
4 443 0 0 0 0
0 444 0 0 0 0
4 445 0 0 0 0
0 446 0 0 0 0
4 447 0 0 0 0
0 448 0 0 0 0
4 449 0 0 0 0
0 450 0 0 0 0
4 451 0 0 0 0
0 452 0 0 0 0
4 453 0 0 0 0
0 454 0 0 0 0
4 455 0 0 0 0
0 456 0 0 0 0
4 457 0 0 0 0
0 458 0 0 0 0
4 459 0 0 0 0
0 460 0 0 0 0
4 461 0 0 0 0
0 462 0 0 0 0
4 463 0 0 0 0
0 464 0 0 0 0
4 465 0 0 0 0
0 466 0 0 0 0
4 467 0 0 0 0
0 468 0 0 0 0
4 469 0 0 0 0
0 470 0 0 0 0
4 471 0 0 0 0
0 472 0 0 0 0
4 473 0 0 0 0
0 474 0 0 0 0
4 475 0 0 0 0
0 476 0 0 0 0
4 477 0 0 0 0
0 478 0 0 0 0
4 479 0 0 0 0
0 480 0 0 0 0
4 481 0 0 0 0
0 482 0 0 0 0
4 483 0 0 0 0
0 484 0 0 0 0
4 485 0 0 0 0
0 486 0 0 0 0
4 487 0 0 0 0
0 488 0 0 0 0
4 489 0 0 0 0
0 490 0 0 0 0
4 491 0 0 0 0
0 492 0 0 0 0
4 493 0 0 0 0
0 494 0 0 0 0
4 495 0 0 0 0
0 496 0 0 0 0
4 497 0 0 0 0
0 498 0 0 0 0
4 499 0 0 0 0
0 500 0 0 0 0
4 501 0 0 0 0
0 502 0 0 0 0
4 503 0 0 0 0
0 504 0 0 0 0
4 505 0 0 0 0
0 506 0 0 0 0
4 507 0 0 0 0
0 508 0 0 0 0
4 509 0 0 0 0
0 510 0 0 0 0
4 511 0 0 0 0
0 512 0 0 0 0
4 513 0 0 0 0
0 514 0 0 0 0
4 515 0 0 0 0
0 516 0 0 0 0
4 517 0 0 0 0
0 518 0 0 0 0
4 519 0 0 0 0
0 520 0 0 0 0
4 521 0 0 0 0
0 522 0 0 0 0
4 523 0 0 0 0
0 524 0 0 0 0
4 525 0 0 0 0
0 526 0 0 0 0
4 527 0 0 0 0
0 528 0 0 0 0
4 529 0 0 0 0
0 530 0 0 0 0
4 531 0 0 0 0
0 532 0 0 0 0
4 533 0 0 0 0
0 534 0 0 0 0
4 535 0 0 0 0
0 536 0 0 0 0
4 537 0 0 0 0
0 538 0 0 0 0
4 539 0 0 0 0
0 540 0 0 0 0
4 541 0 0 0 0
0 542 0 0 0 0
4 543 0 0 0 0
0 544 0 0 0 0
4 545 0 0 0 0
0 546 0 0 0 0
4 547 0 0 0 0
0 548 0 0 0 0
4 549 0 0 0 0
0 550 0 0 0 0
4 551 0 0 0 0
0 552 0 0 0 0
4 553 0 0 0 0
0 554 0 0 0 0
4 555 0 0 0 0
0 556 0 0 0 0
4 557 0 0 0 0
0 558 0 0 0 0
4 559 0 0 0 0
0 560 0 0 0 0
4 561 0 0 0 0
0 562 0 0 0 0
4 563 0 0 0 0
0 564 0 0 0 0
4 565 0 0 0 0
0 566 0 0 0 0
4 567 0 0 0 0
0 568 0 0 0 0
4 569 0 0 0 0
0 570 0 0 0 0
4 571 0 0 0 0
0 572 0 0 0 0
4 573 0 0 0 0
0 574 0 0 0 0
4 575 0 0 0 0
0 576 0 0 0 0
4 577 0 0 0 0
0 578 0 0 0 0
4 579 0 0 0 0
0 580 0 0 0 0
4 581 0 0 0 0
0 582 0 0 0 0
4 583 0 0 0 0
0 584 0 0 0 0
4 585 0 0 0 0
0 586 0 0 0 0
4 587 0 0 0 0
0 588 0 0 0 0
4 589 0 0 0 0
0 590 0 0 0 0
4 591 0 0 0 0
0 592 0 0 0 0
4 593 0 0 0 0
0 594 0 0 0 0
4 595 0 0 0 0
0 596 0 0 0 0
4 597 0 0 0 0
0 598 0 0 0 0
4 599 0 0 0 0
0 600 0 0 0 0
4 601 0 0 0 0
0 602 0 0 0 0
4 603 0 0 0 0
0 604 0 0 0 0
4 605 0 0 0 0
0 606 0 0 0 0
4 607 0 0 0 0
0 608 0 0 0 0
4 609 0 0 0 0
0 610 0 0 0 0
4 611 0 0 0 0
0 612 0 0 0 0
4 613 0 0 0 0
0 614 0 0 0 0
4 615 0 0 0 0
0 616 0 0 0 0
4 617 0 0 0 0
0 618 0 0 0 0
4 619 0 0 0 0
0 620 0 0 0 0
4 621 0 0 0 0
0 622 0 0 0 0
4 623 0 0 0 0
0 624 0 0 0 0
4 625 0 0 0 0
0 626 0 0 0 0
4 627 0 0 0 0
0 628 0 0 0 0
4 629 0 0 0 0
0 630 0 0 0 0
4 631 0 0 0 0
0 632 0 0 0 0
4 633 0 0 0 0
0 634 0 0 0 0
4 635 0 0 0 0
0 636 0 0 0 0
4 637 0 0 0 0
0 638 0 0 0 0
4 639 0 0 0 0
0 640 0 0 0 0
4 641 0 0 0 0
0 642 0 0 0 0
4 643 0 0 0 0
0 644 0 0 0 0
4 645 0 0 0 0
0 646 0 0 0 0
4 647 0 0 0 0
0 648 0 0 0 0
4 649 0 0 0 0
0 650 0 0 0 0
4 651 0 0 0 0
0 652 0 0 0 0
4 653 0 0 0 0
0 654 0 0 0 0
4 655 0 0 0 0
0 656 0 0 0 0
4 657 0 0 0 0
0 658 0 0 0 0
4 659 0 0 0 0
0 660 0 0 0 0
4 661 0 0 0 0
0 662 0 0 0 0
4 663 0 0 0 0
0 664 0 0 0 0
4 665 0 0 0 0
0 666 0 0 0 0
4 667 0 0 0 0
0 668 0 0 0 0
4 669 0 0 0 0
0 670 0 0 0 0
4 671 0 0 0 0
0 672 0 0 0 0
4 673 0 0 0 0
0 674 0 0 0 0
4 675 0 0 0 0
0 676 0 0 0 0
4 677 0 0 0 0
0 678 0 0 0 0
4 679 0 0 0 0
0 680 0 0 0 0
4 681 0 0 0 0
0 682 0 0 0 0
4 683 0 0 0 0
0 684 0 0 0 0
4 685 0 0 0 0
0 686 0 0 0 0
4 687 0 0 0 0
0 688 0 0 0 0
4 689 0 0 0 0
0 690 0 0 0 0
4 691 0 0 0 0
0 692 0 0 0 0
4 693 0 0 0 0
0 694 0 0 0 0
4 695 0 0 0 0
0 696 0 0 0 0
4 697 0 0 0 0
0 698 0 0 0 0
4 699 0 0 0 0
0 700 0 0 0 0
4 701 0 0 0 0
0 702 0 0 0 0
4 703 0 0 0 0
0 704 0 0 0 0
4 705 0 0 0 0
0 706 0 0 0 0
4 707 0 0 0 0
0 708 0 0 0 0
4 709 0 0 0 0
0 710 0 0 0 0
4 711 0 0 0 0
0 712 0 0 0 0
4 713 0 0 0 0
0 714 0 0 0 0
4 715 0 0 0 0
0 716 0 0 0 0
4 717 0 0 0 0
0 718 0 0 0 0
4 719 0 0 0 0
0 720 0 0 0 0
4 721 0 0 0 0
0 722 0 0 0 0
4 723 0 0 0 0
0 724 0 0 0 0
4 725 0 0 0 0
0 726 0 0 0 0
4 727 0 0 0 0
0 728 0 0 0 0
4 729 0 0 0 0
0 730 0 0 0 0
4 731 0 0 0 0
0 732 0 0 0 0
4 733 0 0 0 0
0 734 0 0 0 0
4 735 0 0 0 0
0 736 0 0 0 0
4 737 0 0 0 0
0 738 0 0 0 0
4 739 0 0 0 0
0 740 0 0 0 0
4 741 0 0 0 0
0 742 0 0 0 0
4 743 0 0 0 0
0 744 0 0 0 0
4 745 0 0 0 0
0 746 0 0 0 0
4 747 0 0 0 0
0 748 0 0 0 0
4 749 0 0 0 0
0 750 0 0 0 0
4 751 0 0 0 0
0 752 0 0 0 0
4 753 0 0 0 0
0 754 0 0 0 0
4 755 0 0 0 0
0 756 0 0 0 0
4 757 0 0 0 0
0 758 0 0 0 0
4 759 0 0 0 0
0 760 0 0 0 0
4 761 0 0 0 0
0 762 0 0 0 0
4 763 0 0 0 0
0 764 0 0 0 0
4 765 0 0 0 0
0 766 0 0 0 0
4 767 0 0 0 0
3 768 0 0 0 0
3 769 0 0 0 0
3 770 0 0 0 0
3 771 0 0 0 0
3 772 0 0 0 0
3 773 0 0 0 0
3 774 0 0 0 0
3 775 0 0 0 0
3 776 0 0 0 0
3 777 0 0 0 0
3 778 0 0 0 0
3 779 0 0 0 0
3 780 0 0 0 0
3 781 0 0 0 0
3 782 0 0 0 0
3 783 0 0 0 0
3 784 0 0 0 0
3 785 0 0 0 0
3 786 0 0 0 0
3 787 0 0 0 0
3 788 0 0 0 0
3 789 0 0 0 0
3 790 0 0 0 0
3 791 0 0 0 0
3 792 0 0 0 0
3 793 0 0 0 0
3 794 0 0 0 0
3 795 0 0 0 0
3 796 0 0 0 0
3 797 0 0 0 0
3 798 0 0 0 0
3 799 0 0 0 0
3 800 0 0 0 0
3 801 0 0 0 0
3 802 0 0 0 0
3 803 0 0 0 0
3 804 0 0 0 0
3 805 0 0 0 0
3 806 0 0 0 0
3 807 0 0 0 0
3 808 0 0 0 0
3 809 0 0 0 0
3 810 0 0 0 0
3 811 0 0 0 0
3 812 0 0 0 0
3 813 0 0 0 0
3 814 0 0 0 0
3 815 0 0 0 0
3 816 0 0 0 0
3 817 0 0 0 0
3 818 0 0 0 0
3 819 0 0 0 0
3 820 0 0 0 0
3 821 0 0 0 0
3 822 0 0 0 0
3 823 0 0 0 0
3 824 0 0 0 0
3 825 0 0 0 0
3 826 0 0 0 0
3 827 0 0 0 0
3 828 0 0 0 0
3 829 0 0 0 0
3 830 0 0 0 0
3 831 0 0 0 0
3 832 0 0 0 0
3 833 0 0 0 0
3 834 0 0 0 0
3 835 0 0 0 0
3 836 0 0 0 0
3 837 0 0 0 0
3 838 0 0 0 0
3 839 0 0 0 0
3 840 0 0 0 0
3 841 0 0 0 0
3 842 0 0 0 0
3 843 0 0 0 0
3 844 0 0 0 0
3 845 0 0 0 0
3 846 0 0 0 0
3 847 0 0 0 0
3 848 0 0 0 0
3 849 0 0 0 0
3 850 0 0 0 0
3 851 0 0 0 0
3 852 0 0 0 0
3 853 0 0 0 0
3 854 0 0 0 0
3 855 0 0 0 0
3 856 0 0 0 0
3 857 0 0 0 0
3 858 0 0 0 0
3 859 0 0 0 0
3 860 0 0 0 0
3 861 0 0 0 0
3 862 0 0 0 0
3 863 0 0 0 0
3 864 0 0 0 0
3 865 0 0 0 0
3 866 0 0 0 0
3 867 0 0 0 0
3 868 0 0 0 0
3 869 0 0 0 0
3 870 0 0 0 0
3 871 0 0 0 0
3 872 0 0 0 0
3 873 0 0 0 0
3 874 0 0 0 0
3 875 0 0 0 0
3 876 0 0 0 0
3 877 0 0 0 0
3 878 0 0 0 0
3 879 0 0 0 0
3 880 0 0 0 0
3 881 0 0 0 0
3 882 0 0 0 0
3 883 0 0 0 0
3 884 0 0 0 0
3 885 0 0 0 0
3 886 0 0 0 0
3 887 0 0 0 0
3 888 0 0 0 0
3 889 0 0 0 0
3 890 0 0 0 0
3 891 0 0 0 0
3 892 0 0 0 0
3 893 0 0 0 0
3 894 0 0 0 0
3 895 0 0 0 0
0 896 0 0 0 0
0 897 0 0 0 0
0 898 0 0 0 0
0 899 0 0 0 0
0 900 0 0 0 0
0 901 0 0 0 0
0 902 0 0 0 0
0 903 0 0 0 0
0 904 0 0 0 0
0 905 0 0 0 0
0 906 0 0 0 0
0 907 0 0 0 0
0 908 0 0 0 0
0 909 0 0 0 0
0 910 0 0 0 0
0 911 0 0 0 0
0 912 0 0 0 0
0 913 0 0 0 0
0 914 0 0 0 0
0 915 0 0 0 0
0 916 0 0 0 0
0 917 0 0 0 0
0 918 0 0 0 0
0 919 0 0 0 0
0 920 0 0 0 0
0 921 0 0 0 0
0 922 0 0 0 0
0 923 0 0 0 0
0 924 0 0 0 0
0 925 0 0 0 0
0 926 0 0 0 0
0 927 0 0 0 0
0 928 0 0 0 0
0 929 0 0 0 0
0 930 0 0 0 0
0 931 0 0 0 0
0 932 0 0 0 0
0 933 0 0 0 0
0 934 0 0 0 0
0 935 0 0 0 0
0 936 0 0 0 0
0 937 0 0 0 0
0 938 0 0 0 0
0 939 0 0 0 0
0 940 0 0 0 0
0 941 0 0 0 0
0 942 0 0 0 0
0 943 0 0 0 0
0 944 0 0 0 0
0 945 0 0 0 0
0 946 0 0 0 0
0 947 0 0 0 0
0 948 0 0 0 0
0 949 0 0 0 0
0 950 0 0 0 0
0 951 0 0 0 0
0 952 0 0 0 0
0 953 0 0 0 0
0 954 0 0 0 0
0 955 0 0 0 0
0 956 0 0 0 0
0 957 0 0 0 0
0 958 0 0 0 0
0 959 0 0 0 0
0 960 0 0 0 0
0 961 0 0 0 0
0 962 0 0 0 0
0 963 0 0 0 0
0 964 0 0 0 0
0 965 0 0 0 0
0 966 0 0 0 0
0 967 0 0 0 0
0 968 0 0 0 0
0 969 0 0 0 0
0 970 0 0 0 0
0 971 0 0 0 0
0 972 0 0 0 0
0 973 0 0 0 0
0 974 0 0 0 0
0 975 0 0 0 0
0 976 0 0 0 0
0 977 0 0 0 0
0 978 0 0 0 0
0 979 0 0 0 0
0 980 0 0 0 0
0 981 0 0 0 0
0 982 0 0 0 0
0 983 0 0 0 0
0 984 0 0 0 0
0 985 0 0 0 0
0 986 0 0 0 0
0 987 0 0 0 0
0 988 0 0 0 0
0 989 0 0 0 0
0 990 0 0 0 0
0 991 0 0 0 0
0 992 0 0 0 0
0 993 0 0 0 0
0 994 0 0 0 0
0 995 0 0 0 0
0 996 0 0 0 0
0 997 0 0 0 0
0 998 0 0 0 0
0 999 0 0 0 0
0 1000 0 0 0 0
0 1001 0 0 0 0
0 1002 0 0 0 0
0 1003 0 0 0 0
0 1004 0 0 0 0
0 1005 0 0 0 0
0 1006 0 0 0 0
0 1007 0 0 0 0
0 1008 0 0 0 0
0 1009 0 0 0 0
0 1010 0 0 0 0
0 1011 0 0 0 0
0 1012 0 0 0 0
0 1013 0 0 0 0
0 1014 0 0 0 0
0 1015 0 0 0 0
0 1016 0 0 0 0
0 1017 0 0 0 0
0 1018 0 0 0 0
0 1019 0 0 0 0
0 1020 0 0 0 0
0 1021 0 0 0 0
0 1022 0 0 0 0
0 1023 0 0 0 0
3 1024 0 0 0 0
3 1025 0 0 0 0
3 1026 0 0 0 0
3 1027 0 0 0 0
3 1028 0 0 0 0
3 1029 0 0 0 0
3 1030 0 0 0 0
3 1031 0 0 0 0
3 1032 0 0 0 0
3 1033 0 0 0 0
3 1034 0 0 0 0
3 1035 0 0 0 0
3 1036 0 0 0 0
3 1037 0 0 0 0
3 1038 0 0 0 0
3 1039 0 0 0 0
3 1040 0 0 0 0
3 1041 0 0 0 0
3 1042 0 0 0 0
3 1043 0 0 0 0
3 1044 0 0 0 0
3 1045 0 0 0 0
3 1046 0 0 0 0
3 1047 0 0 0 0
3 1048 0 0 0 0
3 1049 0 0 0 0
3 1050 0 0 0 0
3 1051 0 0 0 0
3 1052 0 0 0 0
3 1053 0 0 0 0
3 1054 0 0 0 0
3 1055 0 0 0 0
3 1056 0 0 0 0
3 1057 0 0 0 0
3 1058 0 0 0 0
3 1059 0 0 0 0
3 1060 0 0 0 0
3 1061 0 0 0 0
3 1062 0 0 0 0
3 1063 0 0 0 0
3 1064 0 0 0 0
3 1065 0 0 0 0
3 1066 0 0 0 0
3 1067 0 0 0 0
3 1068 0 0 0 0
3 1069 0 0 0 0
3 1070 0 0 0 0
3 1071 0 0 0 0
3 1072 0 0 0 0
3 1073 0 0 0 0
3 1074 0 0 0 0
3 1075 0 0 0 0
3 1076 0 0 0 0
3 1077 0 0 0 0
3 1078 0 0 0 0
3 1079 0 0 0 0
3 1080 0 0 0 0
3 1081 0 0 0 0
3 1082 0 0 0 0
3 1083 0 0 0 0
3 1084 0 0 0 0
3 1085 0 0 0 0
3 1086 0 0 0 0
3 1087 0 0 0 0
3 1088 0 0 0 0
3 1089 0 0 0 0
3 1090 0 0 0 0
3 1091 0 0 0 0
3 1092 0 0 0 0
3 1093 0 0 0 0
3 1094 0 0 0 0
3 1095 0 0 0 0
3 1096 0 0 0 0
3 1097 0 0 0 0
3 1098 0 0 0 0
3 1099 0 0 0 0
3 1100 0 0 0 0
3 1101 0 0 0 0
3 1102 0 0 0 0
3 1103 0 0 0 0
3 1104 0 0 0 0
3 1105 0 0 0 0
3 1106 0 0 0 0
3 1107 0 0 0 0
3 1108 0 0 0 0
3 1109 0 0 0 0
3 1110 0 0 0 0
3 1111 0 0 0 0
3 1112 0 0 0 0
3 1113 0 0 0 0
3 1114 0 0 0 0
3 1115 0 0 0 0
3 1116 0 0 0 0
3 1117 0 0 0 0
3 1118 0 0 0 0
3 1119 0 0 0 0
3 1120 0 0 0 0
3 1121 0 0 0 0
3 1122 0 0 0 0
3 1123 0 0 0 0
3 1124 0 0 0 0
3 1125 0 0 0 0
3 1126 0 0 0 0
3 1127 0 0 0 0
3 1128 0 0 0 0
3 1129 0 0 0 0
3 1130 0 0 0 0
3 1131 0 0 0 0
3 1132 0 0 0 0
3 1133 0 0 0 0
3 1134 0 0 0 0
3 1135 0 0 0 0
3 1136 0 0 0 0
3 1137 0 0 0 0
3 1138 0 0 0 0
3 1139 0 0 0 0
3 1140 0 0 0 0
3 1141 0 0 0 0
3 1142 0 0 0 0
3 1143 0 0 0 0
3 1144 0 0 0 0
3 1145 0 0 0 0
3 1146 0 0 0 0
3 1147 0 0 0 0
3 1148 0 0 0 0
3 1149 0 0 0 0
3 1150 0 0 0 0
3 1151 0 0 0 0
0 1152 0 0 0 0
0 1153 0 0 0 0
0 1154 0 0 0 0
0 1155 0 0 0 0
0 1156 0 0 0 0
0 1157 0 0 0 0
0 1158 0 0 0 0
0 1159 0 0 0 0
0 1160 0 0 0 0
0 1161 0 0 0 0
0 1162 0 0 0 0
0 1163 0 0 0 0
0 1164 0 0 0 0
0 1165 0 0 0 0
0 1166 0 0 0 0
0 1167 0 0 0 0
0 1168 0 0 0 0
0 1169 0 0 0 0
0 1170 0 0 0 0
0 1171 0 0 0 0
0 1172 0 0 0 0
0 1173 0 0 0 0
0 1174 0 0 0 0
0 1175 0 0 0 0
0 1176 0 0 0 0
0 1177 0 0 0 0
0 1178 0 0 0 0
0 1179 0 0 0 0
0 1180 0 0 0 0
0 1181 0 0 0 0
0 1182 0 0 0 0
0 1183 0 0 0 0
0 1184 0 0 0 0
0 1185 0 0 0 0
0 1186 0 0 0 0
0 1187 0 0 0 0
0 1188 0 0 0 0
0 1189 0 0 0 0
0 1190 0 0 0 0
0 1191 0 0 0 0
0 1192 0 0 0 0
0 1193 0 0 0 0
0 1194 0 0 0 0
0 1195 0 0 0 0
0 1196 0 0 0 0
0 1197 0 0 0 0
0 1198 0 0 0 0
0 1199 0 0 0 0
0 1200 0 0 0 0
0 1201 0 0 0 0
0 1202 0 0 0 0
0 1203 0 0 0 0
0 1204 0 0 0 0
0 1205 0 0 0 0
0 1206 0 0 0 0
0 1207 0 0 0 0
0 1208 0 0 0 0
0 1209 0 0 0 0
0 1210 0 0 0 0
0 1211 0 0 0 0
0 1212 0 0 0 0
0 1213 0 0 0 0
0 1214 0 0 0 0
0 1215 0 0 0 0
0 1216 0 0 0 0
0 1217 0 0 0 0
0 1218 0 0 0 0
0 1219 0 0 0 0
0 1220 0 0 0 0
0 1221 0 0 0 0
0 1222 0 0 0 0
0 1223 0 0 0 0
0 1224 0 0 0 0
0 1225 0 0 0 0
0 1226 0 0 0 0
0 1227 0 0 0 0
0 1228 0 0 0 0
0 1229 0 0 0 0
0 1230 0 0 0 0
0 1231 0 0 0 0
0 1232 0 0 0 0
0 1233 0 0 0 0
0 1234 0 0 0 0
0 1235 0 0 0 0
0 1236 0 0 0 0
0 1237 0 0 0 0
0 1238 0 0 0 0
0 1239 0 0 0 0
0 1240 0 0 0 0
0 1241 0 0 0 0
0 1242 0 0 0 0
0 1243 0 0 0 0
0 1244 0 0 0 0
0 1245 0 0 0 0
0 1246 0 0 0 0
0 1247 0 0 0 0
0 1248 0 0 0 0
0 1249 0 0 0 0
0 1250 0 0 0 0
0 1251 0 0 0 0
0 1252 0 0 0 0
0 1253 0 0 0 0
0 1254 0 0 0 0
0 1255 0 0 0 0
0 1256 0 0 0 0
0 1257 0 0 0 0
0 1258 0 0 0 0
0 1259 0 0 0 0
0 1260 0 0 0 0
0 1261 0 0 0 0
0 1262 0 0 0 0
0 1263 0 0 0 0
0 1264 0 0 0 0
0 1265 0 0 0 0
0 1266 0 0 0 0
0 1267 0 0 0 0
0 1268 0 0 0 0
0 1269 0 0 0 0
0 1270 0 0 0 0
0 1271 0 0 0 0
0 1272 0 0 0 0
0 1273 0 0 0 0
0 1274 0 0 0 0
0 1275 0 0 0 0
0 1276 0 0 0 0
0 1277 0 0 0 0
0 1278 0 0 0 0
0 1279 0 0 0 0
1 10000 0 0 0 0
4 10001 0 0 0 0
1 10002 0 0 0 0
4 10003 0 0 0 0
1 10004 0 0 0 0
4 10005 0 0 0 0
1 10006 0 0 0 0
4 10007 0 0 0 0
1 10008 0 0 0 0
4 10009 0 0 0 0
1 10010 0 0 0 0
4 10011 0 0 0 0
1 10012 0 0 0 0
4 10013 0 0 0 0
1 10014 0 0 0 0
4 10015 0 0 0 0
1 10016 0 0 0 0
4 10017 0 0 0 0
1 10018 0 0 0 0
4 10019 0 0 0 0
1 10020 0 0 0 0
4 10021 0 0 0 0
1 10022 0 0 0 0
4 10023 0 0 0 0
1 10024 0 0 0 0
4 10025 0 0 0 0
1 10026 0 0 0 0
4 10027 0 0 0 0
1 10028 0 0 0 0
4 10029 0 0 0 0
1 10030 0 0 0 0
4 10031 0 0 0 0
1 10032 0 0 0 0
4 10033 0 0 0 0
1 10034 0 0 0 0
4 10035 0 0 0 0
1 10036 0 0 0 0
4 10037 0 0 0 0
1 10038 0 0 0 0
4 10039 0 0 0 0
1 10040 0 0 0 0
4 10041 0 0 0 0
1 10042 0 0 0 0
4 10043 0 0 0 0
1 10044 0 0 0 0
4 10045 0 0 0 0
1 10046 0 0 0 0
4 10047 0 0 0 0
1 10048 0 0 0 0
4 10049 0 0 0 0
1 10050 0 0 0 0
4 10051 0 0 0 0
1 10052 0 0 0 0
4 10053 0 0 0 0
1 10054 0 0 0 0
4 10055 0 0 0 0
1 10056 0 0 0 0
4 10057 0 0 0 0
1 10058 0 0 0 0
4 10059 0 0 0 0
1 10060 0 0 0 0
4 10061 0 0 0 0
1 10062 0 0 0 0
4 10063 0 0 0 0
1 10064 0 0 0 0
4 10065 0 0 0 0
1 10066 0 0 0 0
4 10067 0 0 0 0
1 10068 0 0 0 0
4 10069 0 0 0 0
1 10070 0 0 0 0
4 10071 0 0 0 0
1 10072 0 0 0 0
4 10073 0 0 0 0
1 10074 0 0 0 0
4 10075 0 0 0 0
1 10076 0 0 0 0
4 10077 0 0 0 0
1 10078 0 0 0 0
4 10079 0 0 0 0
1 10080 0 0 0 0
4 10081 0 0 0 0
1 10082 0 0 0 0
4 10083 0 0 0 0
1 10084 0 0 0 0
4 10085 0 0 0 0
1 10086 0 0 0 0
4 10087 0 0 0 0
1 10088 0 0 0 0
4 10089 0 0 0 0
1 10090 0 0 0 0
4 10091 0 0 0 0
1 10092 0 0 0 0
4 10093 0 0 0 0
1 10094 0 0 0 0
4 10095 0 0 0 0
1 10096 0 0 0 0
4 10097 0 0 0 0
1 10098 0 0 0 0
4 10099 0 0 0 0
1 10100 0 0 0 0
4 10101 0 0 0 0
1 10102 0 0 0 0
4 10103 0 0 0 0
1 10104 0 0 0 0
4 10105 0 0 0 0
1 10106 0 0 0 0
4 10107 0 0 0 0
1 10108 0 0 0 0
4 10109 0 0 0 0
1 10110 0 0 0 0
4 10111 0 0 0 0
1 10112 0 0 0 0
4 10113 0 0 0 0
1 10114 0 0 0 0
4 10115 0 0 0 0
1 10116 0 0 0 0
4 10117 0 0 0 0
1 10118 0 0 0 0
4 10119 0 0 0 0
1 10120 0 0 0 0
4 10121 0 0 0 0
1 10122 0 0 0 0
4 10123 0 0 0 0
1 10124 0 0 0 0
4 10125 0 0 0 0
1 10126 0 0 0 0
4 10127 0 0 0 0
1 10128 0 0 0 0
4 10129 0 0 0 0
1 10130 0 0 0 0
4 10131 0 0 0 0
1 10132 0 0 0 0
4 10133 0 0 0 0
1 10134 0 0 0 0
4 10135 0 0 0 0
1 10136 0 0 0 0
4 10137 0 0 0 0
1 10138 0 0 0 0
4 10139 0 0 0 0
1 10140 0 0 0 0
4 10141 0 0 0 0
1 10142 0 0 0 0
4 10143 0 0 0 0
1 10144 0 0 0 0
4 10145 0 0 0 0
1 10146 0 0 0 0
4 10147 0 0 0 0
1 10148 0 0 0 0
4 10149 0 0 0 0
1 10150 0 0 0 0
4 10151 0 0 0 0
1 10152 0 0 0 0
4 10153 0 0 0 0
1 10154 0 0 0 0
4 10155 0 0 0 0
1 10156 0 0 0 0
4 10157 0 0 0 0
1 10158 0 0 0 0
4 10159 0 0 0 0
1 10160 0 0 0 0
4 10161 0 0 0 0
1 10162 0 0 0 0
4 10163 0 0 0 0
1 10164 0 0 0 0
4 10165 0 0 0 0
1 10166 0 0 0 0
4 10167 0 0 0 0
1 10168 0 0 0 0
4 10169 0 0 0 0
1 10170 0 0 0 0
4 10171 0 0 0 0
1 10172 0 0 0 0
4 10173 0 0 0 0
1 10174 0 0 0 0
4 10175 0 0 0 0
1 10176 0 0 0 0
4 10177 0 0 0 0
1 10178 0 0 0 0
4 10179 0 0 0 0
1 10180 0 0 0 0
4 10181 0 0 0 0
1 10182 0 0 0 0
4 10183 0 0 0 0
1 10184 0 0 0 0
4 10185 0 0 0 0
1 10186 0 0 0 0
4 10187 0 0 0 0
1 10188 0 0 0 0
4 10189 0 0 0 0
1 10190 0 0 0 0
4 10191 0 0 0 0
1 10192 0 0 0 0
4 10193 0 0 0 0
1 10194 0 0 0 0
4 10195 0 0 0 0
1 10196 0 0 0 0
4 10197 0 0 0 0
1 10198 0 0 0 0
4 10199 0 0 0 0
1 10200 0 0 0 0
4 10201 0 0 0 0
1 10202 0 0 0 0
4 10203 0 0 0 0
1 10204 0 0 0 0
4 10205 0 0 0 0
1 10206 0 0 0 0
4 10207 0 0 0 0
1 10208 0 0 0 0
4 10209 0 0 0 0
1 10210 0 0 0 0
4 10211 0 0 0 0
1 10212 0 0 0 0
4 10213 0 0 0 0
1 10214 0 0 0 0
4 10215 0 0 0 0
1 10216 0 0 0 0
4 10217 0 0 0 0
1 10218 0 0 0 0
4 10219 0 0 0 0
1 10220 0 0 0 0
4 10221 0 0 0 0
1 10222 0 0 0 0
4 10223 0 0 0 0
1 10224 0 0 0 0
4 10225 0 0 0 0
1 10226 0 0 0 0
4 10227 0 0 0 0
1 10228 0 0 0 0
4 10229 0 0 0 0
1 10230 0 0 0 0
4 10231 0 0 0 0
1 10232 0 0 0 0
4 10233 0 0 0 0
1 10234 0 0 0 0
4 10235 0 0 0 0
1 10236 0 0 0 0
4 10237 0 0 0 0
1 10238 0 0 0 0
4 10239 0 0 0 0
1 10240 0 0 0 0
4 10241 0 0 0 0
1 10242 0 0 0 0
4 10243 0 0 0 0
1 10244 0 0 0 0
4 10245 0 0 0 0
1 10246 0 0 0 0
4 10247 0 0 0 0
1 10248 0 0 0 0
4 10249 0 0 0 0
1 10250 0 0 0 0
4 10251 0 0 0 0
1 10252 0 0 0 0
4 10253 0 0 0 0
1 10254 0 0 0 0
4 10255 0 0 0 0
1 10256 0 0 0 0
4 10257 0 0 0 0
1 10258 0 0 0 0
4 10259 0 0 0 0
1 10260 0 0 0 0
4 10261 0 0 0 0
1 10262 0 0 0 0
4 10263 0 0 0 0
1 10264 0 0 0 0
4 10265 0 0 0 0
1 10266 0 0 0 0
4 10267 0 0 0 0
1 10268 0 0 0 0
4 10269 0 0 0 0
1 10270 0 0 0 0
4 10271 0 0 0 0
1 10272 0 0 0 0
4 10273 0 0 0 0
1 10274 0 0 0 0
4 10275 0 0 0 0
1 10276 0 0 0 0
4 10277 0 0 0 0
1 10278 0 0 0 0
4 10279 0 0 0 0
1 10280 0 0 0 0
4 10281 0 0 0 0
1 10282 0 0 0 0
4 10283 0 0 0 0
1 10284 0 0 0 0
4 10285 0 0 0 0
1 10286 0 0 0 0
4 10287 0 0 0 0
1 10288 0 0 0 0
4 10289 0 0 0 0
1 10290 0 0 0 0
4 10291 0 0 0 0
1 10292 0 0 0 0
4 10293 0 0 0 0
1 10294 0 0 0 0
4 10295 0 0 0 0
1 10296 0 0 0 0
4 10297 0 0 0 0
1 10298 0 0 0 0
4 10299 0 0 0 0
1 10300 0 0 0 0
4 10301 0 0 0 0
1 10302 0 0 0 0
4 10303 0 0 0 0
1 10304 0 0 0 0
4 10305 0 0 0 0
1 10306 0 0 0 0
4 10307 0 0 0 0
1 10308 0 0 0 0
4 10309 0 0 0 0
1 10310 0 0 0 0
4 10311 0 0 0 0
1 10312 0 0 0 0
4 10313 0 0 0 0
1 10314 0 0 0 0
4 10315 0 0 0 0
1 10316 0 0 0 0
4 10317 0 0 0 0
1 10318 0 0 0 0
4 10319 0 0 0 0
1 10320 0 0 0 0
4 10321 0 0 0 0
1 10322 0 0 0 0
4 10323 0 0 0 0
1 10324 0 0 0 0
4 10325 0 0 0 0
1 10326 0 0 0 0
4 10327 0 0 0 0
1 10328 0 0 0 0
4 10329 0 0 0 0
1 10330 0 0 0 0
4 10331 0 0 0 0
1 10332 0 0 0 0
4 10333 0 0 0 0
1 10334 0 0 0 0
4 10335 0 0 0 0
1 10336 0 0 0 0
4 10337 0 0 0 0
1 10338 0 0 0 0
4 10339 0 0 0 0
1 10340 0 0 0 0
4 10341 0 0 0 0
1 10342 0 0 0 0
4 10343 0 0 0 0
1 10344 0 0 0 0
4 10345 0 0 0 0
1 10346 0 0 0 0
4 10347 0 0 0 0
1 10348 0 0 0 0
4 10349 0 0 0 0
1 10350 0 0 0 0
4 10351 0 0 0 0
1 10352 0 0 0 0
4 10353 0 0 0 0
1 10354 0 0 0 0
4 10355 0 0 0 0
1 10356 0 0 0 0
4 10357 0 0 0 0
1 10358 0 0 0 0
4 10359 0 0 0 0
1 10360 0 0 0 0
4 10361 0 0 0 0
1 10362 0 0 0 0
4 10363 0 0 0 0
1 10364 0 0 0 0
4 10365 0 0 0 0
1 10366 0 0 0 0
4 10367 0 0 0 0
1 10368 0 0 0 0
4 10369 0 0 0 0
1 10370 0 0 0 0
4 10371 0 0 0 0
1 10372 0 0 0 0
4 10373 0 0 0 0
1 10374 0 0 0 0
4 10375 0 0 0 0
1 10376 0 0 0 0
4 10377 0 0 0 0
1 10378 0 0 0 0
4 10379 0 0 0 0
1 10380 0 0 0 0
4 10381 0 0 0 0
1 10382 0 0 0 0
4 10383 0 0 0 0
1 10384 0 0 0 0
4 10385 0 0 0 0
1 10386 0 0 0 0
4 10387 0 0 0 0
1 10388 0 0 0 0
4 10389 0 0 0 0
1 10390 0 0 0 0
4 10391 0 0 0 0
1 10392 0 0 0 0
4 10393 0 0 0 0
1 10394 0 0 0 0
4 10395 0 0 0 0
1 10396 0 0 0 0
4 10397 0 0 0 0
1 10398 0 0 0 0
4 10399 0 0 0 0
1 10400 0 0 0 0
4 10401 0 0 0 0
1 10402 0 0 0 0
4 10403 0 0 0 0
1 10404 0 0 0 0
4 10405 0 0 0 0
1 10406 0 0 0 0
4 10407 0 0 0 0
1 10408 0 0 0 0
4 10409 0 0 0 0
1 10410 0 0 0 0
4 10411 0 0 0 0
1 10412 0 0 0 0
4 10413 0 0 0 0
1 10414 0 0 0 0
4 10415 0 0 0 0
1 10416 0 0 0 0
4 10417 0 0 0 0
1 10418 0 0 0 0
4 10419 0 0 0 0
1 10420 0 0 0 0
4 10421 0 0 0 0
1 10422 0 0 0 0
4 10423 0 0 0 0
1 10424 0 0 0 0
4 10425 0 0 0 0
1 10426 0 0 0 0
4 10427 0 0 0 0
1 10428 0 0 0 0
4 10429 0 0 0 0
1 10430 0 0 0 0
4 10431 0 0 0 0
1 10432 0 0 0 0
4 10433 0 0 0 0
1 10434 0 0 0 0
4 10435 0 0 0 0
1 10436 0 0 0 0
4 10437 0 0 0 0
1 10438 0 0 0 0
4 10439 0 0 0 0
1 10440 0 0 0 0
4 10441 0 0 0 0
1 10442 0 0 0 0
4 10443 0 0 0 0
1 10444 0 0 0 0
4 10445 0 0 0 0
1 10446 0 0 0 0
4 10447 0 0 0 0
1 10448 0 0 0 0
4 10449 0 0 0 0
1 10450 0 0 0 0
4 10451 0 0 0 0
1 10452 0 0 0 0
4 10453 0 0 0 0
1 10454 0 0 0 0
4 10455 0 0 0 0
1 10456 0 0 0 0
4 10457 0 0 0 0
1 10458 0 0 0 0
4 10459 0 0 0 0
1 10460 0 0 0 0
4 10461 0 0 0 0
1 10462 0 0 0 0
4 10463 0 0 0 0
1 10464 0 0 0 0
4 10465 0 0 0 0
1 10466 0 0 0 0
4 10467 0 0 0 0
1 10468 0 0 0 0
4 10469 0 0 0 0
1 10470 0 0 0 0
4 10471 0 0 0 0
1 10472 0 0 0 0
4 10473 0 0 0 0
1 10474 0 0 0 0
4 10475 0 0 0 0
1 10476 0 0 0 0
4 10477 0 0 0 0
1 10478 0 0 0 0
4 10479 0 0 0 0
1 10480 0 0 0 0
4 10481 0 0 0 0
1 10482 0 0 0 0
4 10483 0 0 0 0
1 10484 0 0 0 0
4 10485 0 0 0 0
1 10486 0 0 0 0
4 10487 0 0 0 0
1 10488 0 0 0 0
4 10489 0 0 0 0
1 10490 0 0 0 0
4 10491 0 0 0 0
1 10492 0 0 0 0
4 10493 0 0 0 0
1 10494 0 0 0 0
4 10495 0 0 0 0
1 10496 0 0 0 0
4 10497 0 0 0 0
1 10498 0 0 0 0
4 10499 0 0 0 0
1 10500 0 0 0 0
4 10501 0 0 0 0
1 10502 0 0 0 0
4 10503 0 0 0 0
1 10504 0 0 0 0
4 10505 0 0 0 0
1 10506 0 0 0 0
4 10507 0 0 0 0
1 10508 0 0 0 0
4 10509 0 0 0 0
1 10510 0 0 0 0
4 10511 0 0 0 0
1 10512 0 0 0 0
4 10513 0 0 0 0
1 10514 0 0 0 0
4 10515 0 0 0 0
1 10516 0 0 0 0
4 10517 0 0 0 0
1 10518 0 0 0 0
4 10519 0 0 0 0
1 10520 0 0 0 0
4 10521 0 0 0 0
1 10522 0 0 0 0
4 10523 0 0 0 0
1 10524 0 0 0 0
4 10525 0 0 0 0
1 10526 0 0 0 0
4 10527 0 0 0 0
1 10528 0 0 0 0
4 10529 0 0 0 0
1 10530 0 0 0 0
4 10531 0 0 0 0
1 10532 0 0 0 0
4 10533 0 0 0 0
1 10534 0 0 0 0
4 10535 0 0 0 0
1 10536 0 0 0 0
4 10537 0 0 0 0
1 10538 0 0 0 0
4 10539 0 0 0 0
1 10540 0 0 0 0
4 10541 0 0 0 0
1 10542 0 0 0 0
4 10543 0 0 0 0
1 10544 0 0 0 0
4 10545 0 0 0 0
1 10546 0 0 0 0
4 10547 0 0 0 0
1 10548 0 0 0 0
4 10549 0 0 0 0
1 10550 0 0 0 0
4 10551 0 0 0 0
1 10552 0 0 0 0
4 10553 0 0 0 0
1 10554 0 0 0 0
4 10555 0 0 0 0
1 10556 0 0 0 0
4 10557 0 0 0 0
1 10558 0 0 0 0
4 10559 0 0 0 0
1 10560 0 0 0 0
4 10561 0 0 0 0
1 10562 0 0 0 0
4 10563 0 0 0 0
1 10564 0 0 0 0
4 10565 0 0 0 0
1 10566 0 0 0 0
4 10567 0 0 0 0
1 10568 0 0 0 0
4 10569 0 0 0 0
1 10570 0 0 0 0
4 10571 0 0 0 0
1 10572 0 0 0 0
4 10573 0 0 0 0
1 10574 0 0 0 0
4 10575 0 0 0 0
1 10576 0 0 0 0
4 10577 0 0 0 0
1 10578 0 0 0 0
4 10579 0 0 0 0
1 10580 0 0 0 0
4 10581 0 0 0 0
1 10582 0 0 0 0
4 10583 0 0 0 0
1 10584 0 0 0 0
4 10585 0 0 0 0
1 10586 0 0 0 0
4 10587 0 0 0 0
1 10588 0 0 0 0
4 10589 0 0 0 0
1 10590 0 0 0 0
4 10591 0 0 0 0
1 10592 0 0 0 0
4 10593 0 0 0 0
1 10594 0 0 0 0
4 10595 0 0 0 0
1 10596 0 0 0 0
4 10597 0 0 0 0
1 10598 0 0 0 0
4 10599 0 0 0 0
1 10600 0 0 0 0
4 10601 0 0 0 0
1 10602 0 0 0 0
4 10603 0 0 0 0
1 10604 0 0 0 0
4 10605 0 0 0 0
1 10606 0 0 0 0
4 10607 0 0 0 0
1 10608 0 0 0 0
4 10609 0 0 0 0
1 10610 0 0 0 0
4 10611 0 0 0 0
1 10612 0 0 0 0
4 10613 0 0 0 0
1 10614 0 0 0 0
4 10615 0 0 0 0
1 10616 0 0 0 0
4 10617 0 0 0 0
1 10618 0 0 0 0
4 10619 0 0 0 0
1 10620 0 0 0 0
4 10621 0 0 0 0
1 10622 0 0 0 0
4 10623 0 0 0 0
1 10624 0 0 0 0
4 10625 0 0 0 0
1 10626 0 0 0 0
4 10627 0 0 0 0
1 10628 0 0 0 0
4 10629 0 0 0 0
1 10630 0 0 0 0
4 10631 0 0 0 0
1 10632 0 0 0 0
4 10633 0 0 0 0
1 10634 0 0 0 0
4 10635 0 0 0 0
1 10636 0 0 0 0
4 10637 0 0 0 0
1 10638 0 0 0 0
4 10639 0 0 0 0
1 10640 0 0 0 0
4 10641 0 0 0 0
1 10642 0 0 0 0
4 10643 0 0 0 0
1 10644 0 0 0 0
4 10645 0 0 0 0
1 10646 0 0 0 0
4 10647 0 0 0 0
1 10648 0 0 0 0
4 10649 0 0 0 0
1 10650 0 0 0 0
4 10651 0 0 0 0
1 10652 0 0 0 0
4 10653 0 0 0 0
1 10654 0 0 0 0
4 10655 0 0 0 0
1 10656 0 0 0 0
4 10657 0 0 0 0
1 10658 0 0 0 0
4 10659 0 0 0 0
1 10660 0 0 0 0
4 10661 0 0 0 0
1 10662 0 0 0 0
4 10663 0 0 0 0
1 10664 0 0 0 0
4 10665 0 0 0 0
1 10666 0 0 0 0
4 10667 0 0 0 0
1 10668 0 0 0 0
4 10669 0 0 0 0
1 10670 0 0 0 0
4 10671 0 0 0 0
1 10672 0 0 0 0
4 10673 0 0 0 0
1 10674 0 0 0 0
4 10675 0 0 0 0
1 10676 0 0 0 0
4 10677 0 0 0 0
1 10678 0 0 0 0
4 10679 0 0 0 0
1 10680 0 0 0 0
4 10681 0 0 0 0
1 10682 0 0 0 0
4 10683 0 0 0 0
1 10684 0 0 0 0
4 10685 0 0 0 0
1 10686 0 0 0 0
4 10687 0 0 0 0
1 10688 0 0 0 0
4 10689 0 0 0 0
1 10690 0 0 0 0
4 10691 0 0 0 0
1 10692 0 0 0 0
4 10693 0 0 0 0
1 10694 0 0 0 0
4 10695 0 0 0 0
1 10696 0 0 0 0
4 10697 0 0 0 0
1 10698 0 0 0 0
4 10699 0 0 0 0
1 10700 0 0 0 0
4 10701 0 0 0 0
1 10702 0 0 0 0
4 10703 0 0 0 0
1 10704 0 0 0 0
4 10705 0 0 0 0
1 10706 0 0 0 0
4 10707 0 0 0 0
1 10708 0 0 0 0
4 10709 0 0 0 0
1 10710 0 0 0 0
4 10711 0 0 0 0
1 10712 0 0 0 0
4 10713 0 0 0 0
1 10714 0 0 0 0
4 10715 0 0 0 0
1 10716 0 0 0 0
4 10717 0 0 0 0
1 10718 0 0 0 0
4 10719 0 0 0 0
1 10720 0 0 0 0
4 10721 0 0 0 0
1 10722 0 0 0 0
4 10723 0 0 0 0
1 10724 0 0 0 0
4 10725 0 0 0 0
1 10726 0 0 0 0
4 10727 0 0 0 0
1 10728 0 0 0 0
4 10729 0 0 0 0
1 10730 0 0 0 0
4 10731 0 0 0 0
1 10732 0 0 0 0
4 10733 0 0 0 0
1 10734 0 0 0 0
4 10735 0 0 0 0
1 10736 0 0 0 0
4 10737 0 0 0 0
1 10738 0 0 0 0
4 10739 0 0 0 0
1 10740 0 0 0 0
4 10741 0 0 0 0
1 10742 0 0 0 0
4 10743 0 0 0 0
1 10744 0 0 0 0
4 10745 0 0 0 0
1 10746 0 0 0 0
4 10747 0 0 0 0
1 10748 0 0 0 0
4 10749 0 0 0 0
1 10750 0 0 0 0
4 10751 0 0 0 0
1 10752 0 0 0 0
4 10753 0 0 0 0
1 10754 0 0 0 0
4 10755 0 0 0 0
1 10756 0 0 0 0
4 10757 0 0 0 0
1 10758 0 0 0 0
4 10759 0 0 0 0
1 10760 0 0 0 0
4 10761 0 0 0 0
1 10762 0 0 0 0
4 10763 0 0 0 0
1 10764 0 0 0 0
4 10765 0 0 0 0
1 10766 0 0 0 0
4 10767 0 0 0 0
3 10768 0 0 0 0
3 10769 0 0 0 0
3 10770 0 0 0 0
3 10771 0 0 0 0
3 10772 0 0 0 0
3 10773 0 0 0 0
3 10774 0 0 0 0
3 10775 0 0 0 0
3 10776 0 0 0 0
3 10777 0 0 0 0
3 10778 0 0 0 0
3 10779 0 0 0 0
3 10780 0 0 0 0
3 10781 0 0 0 0
3 10782 0 0 0 0
3 10783 0 0 0 0
3 10784 0 0 0 0
3 10785 0 0 0 0
3 10786 0 0 0 0
3 10787 0 0 0 0
3 10788 0 0 0 0
3 10789 0 0 0 0
3 10790 0 0 0 0
3 10791 0 0 0 0
3 10792 0 0 0 0
3 10793 0 0 0 0
3 10794 0 0 0 0
3 10795 0 0 0 0
3 10796 0 0 0 0
3 10797 0 0 0 0
3 10798 0 0 0 0
3 10799 0 0 0 0
3 10800 0 0 0 0
3 10801 0 0 0 0
3 10802 0 0 0 0
3 10803 0 0 0 0
3 10804 0 0 0 0
3 10805 0 0 0 0
3 10806 0 0 0 0
3 10807 0 0 0 0
3 10808 0 0 0 0
3 10809 0 0 0 0
3 10810 0 0 0 0
3 10811 0 0 0 0
3 10812 0 0 0 0
3 10813 0 0 0 0
3 10814 0 0 0 0
3 10815 0 0 0 0
3 10816 0 0 0 0
3 10817 0 0 0 0
3 10818 0 0 0 0
3 10819 0 0 0 0
3 10820 0 0 0 0
3 10821 0 0 0 0
3 10822 0 0 0 0
3 10823 0 0 0 0
3 10824 0 0 0 0
3 10825 0 0 0 0
3 10826 0 0 0 0
3 10827 0 0 0 0
3 10828 0 0 0 0
3 10829 0 0 0 0
3 10830 0 0 0 0
3 10831 0 0 0 0
3 10832 0 0 0 0
3 10833 0 0 0 0
3 10834 0 0 0 0
3 10835 0 0 0 0
3 10836 0 0 0 0
3 10837 0 0 0 0
3 10838 0 0 0 0
3 10839 0 0 0 0
3 10840 0 0 0 0
3 10841 0 0 0 0
3 10842 0 0 0 0
3 10843 0 0 0 0
3 10844 0 0 0 0
3 10845 0 0 0 0
3 10846 0 0 0 0
3 10847 0 0 0 0
3 10848 0 0 0 0
3 10849 0 0 0 0
3 10850 0 0 0 0
3 10851 0 0 0 0
3 10852 0 0 0 0
3 10853 0 0 0 0
3 10854 0 0 0 0
3 10855 0 0 0 0
3 10856 0 0 0 0
3 10857 0 0 0 0
3 10858 0 0 0 0
3 10859 0 0 0 0
3 10860 0 0 0 0
3 10861 0 0 0 0
3 10862 0 0 0 0
3 10863 0 0 0 0
3 10864 0 0 0 0
3 10865 0 0 0 0
3 10866 0 0 0 0
3 10867 0 0 0 0
3 10868 0 0 0 0
3 10869 0 0 0 0
3 10870 0 0 0 0
3 10871 0 0 0 0
3 10872 0 0 0 0
3 10873 0 0 0 0
3 10874 0 0 0 0
3 10875 0 0 0 0
3 10876 0 0 0 0
3 10877 0 0 0 0
3 10878 0 0 0 0
3 10879 0 0 0 0
3 10880 0 0 0 0
3 10881 0 0 0 0
3 10882 0 0 0 0
3 10883 0 0 0 0
3 10884 0 0 0 0
3 10885 0 0 0 0
3 10886 0 0 0 0
3 10887 0 0 0 0
3 10888 0 0 0 0
3 10889 0 0 0 0
3 10890 0 0 0 0
3 10891 0 0 0 0
3 10892 0 0 0 0
3 10893 0 0 0 0
3 10894 0 0 0 0
3 10895 0 0 0 0
1 10896 0 0 0 0
1 10897 0 0 0 0
1 10898 0 0 0 0
1 10899 0 0 0 0
1 10900 0 0 0 0
1 10901 0 0 0 0
1 10902 0 0 0 0
1 10903 0 0 0 0
1 10904 0 0 0 0
1 10905 0 0 0 0
1 10906 0 0 0 0
1 10907 0 0 0 0
1 10908 0 0 0 0
1 10909 0 0 0 0
1 10910 0 0 0 0
1 10911 0 0 0 0
1 10912 0 0 0 0
1 10913 0 0 0 0
1 10914 0 0 0 0
1 10915 0 0 0 0
1 10916 0 0 0 0
1 10917 0 0 0 0
1 10918 0 0 0 0
1 10919 0 0 0 0
1 10920 0 0 0 0
1 10921 0 0 0 0
1 10922 0 0 0 0
1 10923 0 0 0 0
1 10924 0 0 0 0
1 10925 0 0 0 0
1 10926 0 0 0 0
1 10927 0 0 0 0
1 10928 0 0 0 0
1 10929 0 0 0 0
1 10930 0 0 0 0
1 10931 0 0 0 0
1 10932 0 0 0 0
1 10933 0 0 0 0
1 10934 0 0 0 0
1 10935 0 0 0 0
1 10936 0 0 0 0
1 10937 0 0 0 0
1 10938 0 0 0 0
1 10939 0 0 0 0
1 10940 0 0 0 0
1 10941 0 0 0 0
1 10942 0 0 0 0
1 10943 0 0 0 0
1 10944 0 0 0 0
1 10945 0 0 0 0
1 10946 0 0 0 0
1 10947 0 0 0 0
1 10948 0 0 0 0
1 10949 0 0 0 0
1 10950 0 0 0 0
1 10951 0 0 0 0
1 10952 0 0 0 0
1 10953 0 0 0 0
1 10954 0 0 0 0
1 10955 0 0 0 0
1 10956 0 0 0 0
1 10957 0 0 0 0
1 10958 0 0 0 0
1 10959 0 0 0 0
1 10960 0 0 0 0
1 10961 0 0 0 0
1 10962 0 0 0 0
1 10963 0 0 0 0
1 10964 0 0 0 0
1 10965 0 0 0 0
1 10966 0 0 0 0
1 10967 0 0 0 0
1 10968 0 0 0 0
1 10969 0 0 0 0
1 10970 0 0 0 0
1 10971 0 0 0 0
1 10972 0 0 0 0
1 10973 0 0 0 0
1 10974 0 0 0 0
1 10975 0 0 0 0
1 10976 0 0 0 0
1 10977 0 0 0 0
1 10978 0 0 0 0
1 10979 0 0 0 0
1 10980 0 0 0 0
1 10981 0 0 0 0
1 10982 0 0 0 0
1 10983 0 0 0 0
1 10984 0 0 0 0
1 10985 0 0 0 0
1 10986 0 0 0 0
1 10987 0 0 0 0
1 10988 0 0 0 0
1 10989 0 0 0 0
1 10990 0 0 0 0
1 10991 0 0 0 0
1 10992 0 0 0 0
1 10993 0 0 0 0
1 10994 0 0 0 0
1 10995 0 0 0 0
1 10996 0 0 0 0
1 10997 0 0 0 0
1 10998 0 0 0 0
1 10999 0 0 0 0
1 11000 0 0 0 0
1 11001 0 0 0 0
1 11002 0 0 0 0
1 11003 0 0 0 0
1 11004 0 0 0 0
1 11005 0 0 0 0
1 11006 0 0 0 0
1 11007 0 0 0 0
1 11008 0 0 0 0
1 11009 0 0 0 0
1 11010 0 0 0 0
1 11011 0 0 0 0
1 11012 0 0 0 0
1 11013 0 0 0 0
1 11014 0 0 0 0
1 11015 0 0 0 0
1 11016 0 0 0 0
1 11017 0 0 0 0
1 11018 0 0 0 0
1 11019 0 0 0 0
1 11020 0 0 0 0
1 11021 0 0 0 0
1 11022 0 0 0 0
1 11023 0 0 0 0
3 11024 0 0 0 0
3 11025 0 0 0 0
3 11026 0 0 0 0
3 11027 0 0 0 0
3 11028 0 0 0 0
3 11029 0 0 0 0
3 11030 0 0 0 0
3 11031 0 0 0 0
3 11032 0 0 0 0
3 11033 0 0 0 0
3 11034 0 0 0 0
3 11035 0 0 0 0
3 11036 0 0 0 0
3 11037 0 0 0 0
3 11038 0 0 0 0
3 11039 0 0 0 0
3 11040 0 0 0 0
3 11041 0 0 0 0
3 11042 0 0 0 0
3 11043 0 0 0 0
3 11044 0 0 0 0
3 11045 0 0 0 0
3 11046 0 0 0 0
3 11047 0 0 0 0
3 11048 0 0 0 0
3 11049 0 0 0 0
3 11050 0 0 0 0
3 11051 0 0 0 0
3 11052 0 0 0 0
3 11053 0 0 0 0
3 11054 0 0 0 0
3 11055 0 0 0 0
3 11056 0 0 0 0
3 11057 0 0 0 0
3 11058 0 0 0 0
3 11059 0 0 0 0
3 11060 0 0 0 0
3 11061 0 0 0 0
3 11062 0 0 0 0
3 11063 0 0 0 0
3 11064 0 0 0 0
3 11065 0 0 0 0
3 11066 0 0 0 0
3 11067 0 0 0 0
3 11068 0 0 0 0
3 11069 0 0 0 0
3 11070 0 0 0 0
3 11071 0 0 0 0
3 11072 0 0 0 0
3 11073 0 0 0 0
3 11074 0 0 0 0
3 11075 0 0 0 0
3 11076 0 0 0 0
3 11077 0 0 0 0
3 11078 0 0 0 0
3 11079 0 0 0 0
3 11080 0 0 0 0
3 11081 0 0 0 0
3 11082 0 0 0 0
3 11083 0 0 0 0
3 11084 0 0 0 0
3 11085 0 0 0 0
3 11086 0 0 0 0
3 11087 0 0 0 0
3 11088 0 0 0 0
3 11089 0 0 0 0
3 11090 0 0 0 0
3 11091 0 0 0 0
3 11092 0 0 0 0
3 11093 0 0 0 0
3 11094 0 0 0 0
3 11095 0 0 0 0
3 11096 0 0 0 0
3 11097 0 0 0 0
3 11098 0 0 0 0
3 11099 0 0 0 0
3 11100 0 0 0 0
3 11101 0 0 0 0
3 11102 0 0 0 0
3 11103 0 0 0 0
3 11104 0 0 0 0
3 11105 0 0 0 0
3 11106 0 0 0 0
3 11107 0 0 0 0
3 11108 0 0 0 0
3 11109 0 0 0 0
3 11110 0 0 0 0
3 11111 0 0 0 0
3 11112 0 0 0 0
3 11113 0 0 0 0
3 11114 0 0 0 0
3 11115 0 0 0 0
3 11116 0 0 0 0
3 11117 0 0 0 0
3 11118 0 0 0 0
3 11119 0 0 0 0
3 11120 0 0 0 0
3 11121 0 0 0 0
3 11122 0 0 0 0
3 11123 0 0 0 0
3 11124 0 0 0 0
3 11125 0 0 0 0
3 11126 0 0 0 0
3 11127 0 0 0 0
3 11128 0 0 0 0
3 11129 0 0 0 0
3 11130 0 0 0 0
3 11131 0 0 0 0
3 11132 0 0 0 0
3 11133 0 0 0 0
3 11134 0 0 0 0
3 11135 0 0 0 0
3 11136 0 0 0 0
3 11137 0 0 0 0
3 11138 0 0 0 0
3 11139 0 0 0 0
3 11140 0 0 0 0
3 11141 0 0 0 0
3 11142 0 0 0 0
3 11143 0 0 0 0
3 11144 0 0 0 0
3 11145 0 0 0 0
3 11146 0 0 0 0
3 11147 0 0 0 0
3 11148 0 0 0 0
3 11149 0 0 0 0
3 11150 0 0 0 0
3 11151 0 0 0 0
1 11152 0 0 0 0
1 11153 0 0 0 0
1 11154 0 0 0 0
1 11155 0 0 0 0
1 11156 0 0 0 0
1 11157 0 0 0 0
1 11158 0 0 0 0
1 11159 0 0 0 0
1 11160 0 0 0 0
1 11161 0 0 0 0
1 11162 0 0 0 0
1 11163 0 0 0 0
1 11164 0 0 0 0
1 11165 0 0 0 0
1 11166 0 0 0 0
1 11167 0 0 0 0
1 11168 0 0 0 0
1 11169 0 0 0 0
1 11170 0 0 0 0
1 11171 0 0 0 0
1 11172 0 0 0 0
1 11173 0 0 0 0
1 11174 0 0 0 0
1 11175 0 0 0 0
1 11176 0 0 0 0
1 11177 0 0 0 0
1 11178 0 0 0 0
1 11179 0 0 0 0
1 11180 0 0 0 0
1 11181 0 0 0 0
1 11182 0 0 0 0
1 11183 0 0 0 0
1 11184 0 0 0 0
1 11185 0 0 0 0
1 11186 0 0 0 0
1 11187 0 0 0 0
1 11188 0 0 0 0
1 11189 0 0 0 0
1 11190 0 0 0 0
1 11191 0 0 0 0
1 11192 0 0 0 0
1 11193 0 0 0 0
1 11194 0 0 0 0
1 11195 0 0 0 0
1 11196 0 0 0 0
1 11197 0 0 0 0
1 11198 0 0 0 0
1 11199 0 0 0 0
1 11200 0 0 0 0
1 11201 0 0 0 0
1 11202 0 0 0 0
1 11203 0 0 0 0
1 11204 0 0 0 0
1 11205 0 0 0 0
1 11206 0 0 0 0
1 11207 0 0 0 0
1 11208 0 0 0 0
1 11209 0 0 0 0
1 11210 0 0 0 0
1 11211 0 0 0 0
1 11212 0 0 0 0
1 11213 0 0 0 0
1 11214 0 0 0 0
1 11215 0 0 0 0
1 11216 0 0 0 0
1 11217 0 0 0 0
1 11218 0 0 0 0
1 11219 0 0 0 0
1 11220 0 0 0 0
1 11221 0 0 0 0
1 11222 0 0 0 0
1 11223 0 0 0 0
1 11224 0 0 0 0
1 11225 0 0 0 0
1 11226 0 0 0 0
1 11227 0 0 0 0
1 11228 0 0 0 0
1 11229 0 0 0 0
1 11230 0 0 0 0
1 11231 0 0 0 0
1 11232 0 0 0 0
1 11233 0 0 0 0
1 11234 0 0 0 0
1 11235 0 0 0 0
1 11236 0 0 0 0
1 11237 0 0 0 0
1 11238 0 0 0 0
1 11239 0 0 0 0
1 11240 0 0 0 0
1 11241 0 0 0 0
1 11242 0 0 0 0
1 11243 0 0 0 0
1 11244 0 0 0 0
1 11245 0 0 0 0
1 11246 0 0 0 0
1 11247 0 0 0 0
1 11248 0 0 0 0
1 11249 0 0 0 0
1 11250 0 0 0 0
1 11251 0 0 0 0
1 11252 0 0 0 0
1 11253 0 0 0 0
1 11254 0 0 0 0
1 11255 0 0 0 0
1 11256 0 0 0 0
1 11257 0 0 0 0
1 11258 0 0 0 0
1 11259 0 0 0 0
1 11260 0 0 0 0
1 11261 0 0 0 0
1 11262 0 0 0 0
1 11263 0 0 0 0
1 11264 0 0 0 0
1 11265 0 0 0 0
1 11266 0 0 0 0
1 11267 0 0 0 0
1 11268 0 0 0 0
1 11269 0 0 0 0
1 11270 0 0 0 0
1 11271 0 0 0 0
1 11272 0 0 0 0
1 11273 0 0 0 0
1 11274 0 0 0 0
1 11275 0 0 0 0
1 11276 0 0 0 0
1 11277 0 0 0 0
1 11278 0 0 0 0
1 11279 0 0 0 0
2 20000 0 0 0 0
2 20001 0 0 0 0
2 20002 0 0 0 0
2 20003 0 0 0 0
2 20004 0 0 0 0
2 20005 0 0 0 0
2 20006 0 0 0 0
2 20007 0 0 0 0
2 20008 0 0 0 0
2 20009 0 0 0 0
2 20010 0 0 0 0
2 20011 0 0 0 0
2 20012 0 0 0 0
2 20013 0 0 0 0
2 20014 0 0 0 0
2 20015 0 0 0 0
2 20016 0 0 0 0
2 20017 0 0 0 0
2 20018 0 0 0 0
2 20019 0 0 0 0
2 20020 0 0 0 0
2 20021 0 0 0 0
2 20022 0 0 0 0
2 20023 0 0 0 0
2 20024 0 0 0 0
2 20025 0 0 0 0
2 20026 0 0 0 0
2 20027 0 0 0 0
2 20028 0 0 0 0
2 20029 0 0 0 0
2 20030 0 0 0 0
2 20031 0 0 0 0
2 20032 0 0 0 0
2 20033 0 0 0 0
2 20034 0 0 0 0
2 20035 0 0 0 0
2 20036 0 0 0 0
2 20037 0 0 0 0
2 20038 0 0 0 0
2 20039 0 0 0 0
2 20040 0 0 0 0
2 20041 0 0 0 0
2 20042 0 0 0 0
2 20043 0 0 0 0
2 20044 0 0 0 0
2 20045 0 0 0 0
2 20046 0 0 0 0
2 20047 0 0 0 0
2 20048 0 0 0 0
2 20049 0 0 0 0
2 20050 0 0 0 0
2 20051 0 0 0 0
2 20052 0 0 0 0
2 20053 0 0 0 0
2 20054 0 0 0 0
2 20055 0 0 0 0
2 20056 0 0 0 0
2 20057 0 0 0 0
2 20058 0 0 0 0
2 20059 0 0 0 0
2 20060 0 0 0 0
2 20061 0 0 0 0
2 20062 0 0 0 0
2 20063 0 0 0 0
2 20064 0 0 0 0
2 20065 0 0 0 0
2 20066 0 0 0 0
2 20067 0 0 0 0
2 20068 0 0 0 0
2 20069 0 0 0 0
2 20070 0 0 0 0
2 20071 0 0 0 0
2 20072 0 0 0 0
2 20073 0 0 0 0
2 20074 0 0 0 0
2 20075 0 0 0 0
2 20076 0 0 0 0
2 20077 0 0 0 0
2 20078 0 0 0 0
2 20079 0 0 0 0
2 20080 0 0 0 0
2 20081 0 0 0 0
2 20082 0 0 0 0
2 20083 0 0 0 0
2 20084 0 0 0 0
2 20085 0 0 0 0
2 20086 0 0 0 0
2 20087 0 0 0 0
2 20088 0 0 0 0
2 20089 0 0 0 0
2 20090 0 0 0 0
2 20091 0 0 0 0
2 20092 0 0 0 0
2 20093 0 0 0 0
2 20094 0 0 0 0
2 20095 0 0 0 0
2 20096 0 0 0 0
2 20097 0 0 0 0
2 20098 0 0 0 0
2 20099 0 0 0 0
2 20100 0 0 0 0
2 20101 0 0 0 0
2 20102 0 0 0 0
2 20103 0 0 0 0
2 20104 0 0 0 0
2 20105 0 0 0 0
2 20106 0 0 0 0
2 20107 0 0 0 0
2 20108 0 0 0 0
2 20109 0 0 0 0
2 20110 0 0 0 0
2 20111 0 0 0 0
2 20112 0 0 0 0
2 20113 0 0 0 0
2 20114 0 0 0 0
2 20115 0 0 0 0
2 20116 0 0 0 0
2 20117 0 0 0 0
2 20118 0 0 0 0
2 20119 0 0 0 0
2 20120 0 0 0 0
2 20121 0 0 0 0
2 20122 0 0 0 0
2 20123 0 0 0 0
2 20124 0 0 0 0
2 20125 0 0 0 0
2 20126 0 0 0 0
2 20127 0 0 0 0
2 20128 0 0 0 0
2 20129 0 0 0 0
2 20130 0 0 0 0
2 20131 0 0 0 0
2 20132 0 0 0 0
2 20133 0 0 0 0
2 20134 0 0 0 0
2 20135 0 0 0 0
2 20136 0 0 0 0
2 20137 0 0 0 0
2 20138 0 0 0 0
2 20139 0 0 0 0
2 20140 0 0 0 0
2 20141 0 0 0 0
2 20142 0 0 0 0
2 20143 0 0 0 0
2 20144 0 0 0 0
2 20145 0 0 0 0
2 20146 0 0 0 0
2 20147 0 0 0 0
2 20148 0 0 0 0
2 20149 0 0 0 0
2 20150 0 0 0 0
2 20151 0 0 0 0
2 20152 0 0 0 0
2 20153 0 0 0 0
2 20154 0 0 0 0
2 20155 0 0 0 0
2 20156 0 0 0 0
2 20157 0 0 0 0
2 20158 0 0 0 0
2 20159 0 0 0 0
2 20160 0 0 0 0
2 20161 0 0 0 0
2 20162 0 0 0 0
2 20163 0 0 0 0
2 20164 0 0 0 0
2 20165 0 0 0 0
2 20166 0 0 0 0
2 20167 0 0 0 0
2 20168 0 0 0 0
2 20169 0 0 0 0
2 20170 0 0 0 0
2 20171 0 0 0 0
2 20172 0 0 0 0
2 20173 0 0 0 0
2 20174 0 0 0 0
2 20175 0 0 0 0
2 20176 0 0 0 0
2 20177 0 0 0 0
2 20178 0 0 0 0
2 20179 0 0 0 0
2 20180 0 0 0 0
2 20181 0 0 0 0
2 20182 0 0 0 0
2 20183 0 0 0 0
2 20184 0 0 0 0
2 20185 0 0 0 0
2 20186 0 0 0 0
2 20187 0 0 0 0
2 20188 0 0 0 0
2 20189 0 0 0 0
2 20190 0 0 0 0
2 20191 0 0 0 0
2 20192 0 0 0 0
2 20193 0 0 0 0
2 20194 0 0 0 0
2 20195 0 0 0 0
2 20196 0 0 0 0
2 20197 0 0 0 0
2 20198 0 0 0 0
2 20199 0 0 0 0
2 20200 0 0 0 0
2 20201 0 0 0 0
2 20202 0 0 0 0
2 20203 0 0 0 0
2 20204 0 0 0 0
2 20205 0 0 0 0
2 20206 0 0 0 0
2 20207 0 0 0 0
2 20208 0 0 0 0
2 20209 0 0 0 0
2 20210 0 0 0 0
2 20211 0 0 0 0
2 20212 0 0 0 0
2 20213 0 0 0 0
2 20214 0 0 0 0
2 20215 0 0 0 0
2 20216 0 0 0 0
2 20217 0 0 0 0
2 20218 0 0 0 0
2 20219 0 0 0 0
2 20220 0 0 0 0
2 20221 0 0 0 0
2 20222 0 0 0 0
2 20223 0 0 0 0
2 20224 0 0 0 0
2 20225 0 0 0 0
2 20226 0 0 0 0
2 20227 0 0 0 0
2 20228 0 0 0 0
2 20229 0 0 0 0
2 20230 0 0 0 0
2 20231 0 0 0 0
2 20232 0 0 0 0
2 20233 0 0 0 0
2 20234 0 0 0 0
2 20235 0 0 0 0
2 20236 0 0 0 0
2 20237 0 0 0 0
2 20238 0 0 0 0
2 20239 0 0 0 0
2 20240 0 0 0 0
2 20241 0 0 0 0
2 20242 0 0 0 0
2 20243 0 0 0 0
2 20244 0 0 0 0
2 20245 0 0 0 0
2 20246 0 0 0 0
2 20247 0 0 0 0
2 20248 0 0 0 0
2 20249 0 0 0 0
2 20250 0 0 0 0
2 20251 0 0 0 0
2 20252 0 0 0 0
2 20253 0 0 0 0
2 20254 0 0 0 0
2 20255 0 0 0 0
2 20256 0 0 0 0
2 20257 0 0 0 0
2 20258 0 0 0 0
2 20259 0 0 0 0
2 20260 0 0 0 0
2 20261 0 0 0 0
2 20262 0 0 0 0
2 20263 0 0 0 0
2 20264 0 0 0 0
2 20265 0 0 0 0
2 20266 0 0 0 0
2 20267 0 0 0 0
2 20268 0 0 0 0
2 20269 0 0 0 0
2 20270 0 0 0 0
2 20271 0 0 0 0
2 20272 0 0 0 0
2 20273 0 0 0 0
2 20274 0 0 0 0
2 20275 0 0 0 0
2 20276 0 0 0 0
2 20277 0 0 0 0
2 20278 0 0 0 0
2 20279 0 0 0 0
2 20280 0 0 0 0
2 20281 0 0 0 0
2 20282 0 0 0 0
2 20283 0 0 0 0
2 20284 0 0 0 0
2 20285 0 0 0 0
2 20286 0 0 0 0
2 20287 0 0 0 0
2 20288 0 0 0 0
2 20289 0 0 0 0
2 20290 0 0 0 0
2 20291 0 0 0 0
2 20292 0 0 0 0
2 20293 0 0 0 0
2 20294 0 0 0 0
2 20295 0 0 0 0
2 20296 0 0 0 0
2 20297 0 0 0 0
2 20298 0 0 0 0
2 20299 0 0 0 0
2 20300 0 0 0 0
2 20301 0 0 0 0
2 20302 0 0 0 0
2 20303 0 0 0 0
2 20304 0 0 0 0
2 20305 0 0 0 0
2 20306 0 0 0 0
2 20307 0 0 0 0
2 20308 0 0 0 0
2 20309 0 0 0 0
2 20310 0 0 0 0
2 20311 0 0 0 0
2 20312 0 0 0 0
2 20313 0 0 0 0
2 20314 0 0 0 0
2 20315 0 0 0 0
2 20316 0 0 0 0
2 20317 0 0 0 0
2 20318 0 0 0 0
2 20319 0 0 0 0
2 20320 0 0 0 0
2 20321 0 0 0 0
2 20322 0 0 0 0
2 20323 0 0 0 0
2 20324 0 0 0 0
2 20325 0 0 0 0
2 20326 0 0 0 0
2 20327 0 0 0 0
2 20328 0 0 0 0
2 20329 0 0 0 0
2 20330 0 0 0 0
2 20331 0 0 0 0
2 20332 0 0 0 0
2 20333 0 0 0 0
2 20334 0 0 0 0
2 20335 0 0 0 0
2 20336 0 0 0 0
2 20337 0 0 0 0
2 20338 0 0 0 0
2 20339 0 0 0 0
2 20340 0 0 0 0
2 20341 0 0 0 0
2 20342 0 0 0 0
2 20343 0 0 0 0
2 20344 0 0 0 0
2 20345 0 0 0 0
2 20346 0 0 0 0
2 20347 0 0 0 0
2 20348 0 0 0 0
2 20349 0 0 0 0
2 20350 0 0 0 0
2 20351 0 0 0 0
2 20352 0 0 0 0
2 20353 0 0 0 0
2 20354 0 0 0 0
2 20355 0 0 0 0
2 20356 0 0 0 0
2 20357 0 0 0 0
2 20358 0 0 0 0
2 20359 0 0 0 0
2 20360 0 0 0 0
2 20361 0 0 0 0
2 20362 0 0 0 0
2 20363 0 0 0 0
2 20364 0 0 0 0
2 20365 0 0 0 0
2 20366 0 0 0 0
2 20367 0 0 0 0
2 20368 0 0 0 0
2 20369 0 0 0 0
2 20370 0 0 0 0
2 20371 0 0 0 0
2 20372 0 0 0 0
2 20373 0 0 0 0
2 20374 0 0 0 0
2 20375 0 0 0 0
2 20376 0 0 0 0
2 20377 0 0 0 0
2 20378 0 0 0 0
2 20379 0 0 0 0
2 20380 0 0 0 0
2 20381 0 0 0 0
2 20382 0 0 0 0
2 20383 0 0 0 0
2 20384 0 0 0 0
2 20385 0 0 0 0
2 20386 0 0 0 0
2 20387 0 0 0 0
2 20388 0 0 0 0
2 20389 0 0 0 0
2 20390 0 0 0 0
2 20391 0 0 0 0
2 20392 0 0 0 0
2 20393 0 0 0 0
2 20394 0 0 0 0
2 20395 0 0 0 0
2 20396 0 0 0 0
2 20397 0 0 0 0
2 20398 0 0 0 0
2 20399 0 0 0 0
2 20400 0 0 0 0
2 20401 0 0 0 0
2 20402 0 0 0 0
2 20403 0 0 0 0
2 20404 0 0 0 0
2 20405 0 0 0 0
2 20406 0 0 0 0
2 20407 0 0 0 0
2 20408 0 0 0 0
2 20409 0 0 0 0
2 20410 0 0 0 0
2 20411 0 0 0 0
2 20412 0 0 0 0
2 20413 0 0 0 0
2 20414 0 0 0 0
2 20415 0 0 0 0
2 20416 0 0 0 0
2 20417 0 0 0 0
2 20418 0 0 0 0
2 20419 0 0 0 0
2 20420 0 0 0 0
2 20421 0 0 0 0
2 20422 0 0 0 0
2 20423 0 0 0 0
2 20424 0 0 0 0
2 20425 0 0 0 0
2 20426 0 0 0 0
2 20427 0 0 0 0
2 20428 0 0 0 0
2 20429 0 0 0 0
2 20430 0 0 0 0
2 20431 0 0 0 0
2 20432 0 0 0 0
2 20433 0 0 0 0
2 20434 0 0 0 0
2 20435 0 0 0 0
2 20436 0 0 0 0
2 20437 0 0 0 0
2 20438 0 0 0 0
2 20439 0 0 0 0
2 20440 0 0 0 0
2 20441 0 0 0 0
2 20442 0 0 0 0
2 20443 0 0 0 0
2 20444 0 0 0 0
2 20445 0 0 0 0
2 20446 0 0 0 0
2 20447 0 0 0 0
2 20448 0 0 0 0
2 20449 0 0 0 0
2 20450 0 0 0 0
2 20451 0 0 0 0
2 20452 0 0 0 0
2 20453 0 0 0 0
2 20454 0 0 0 0
2 20455 0 0 0 0
2 20456 0 0 0 0
2 20457 0 0 0 0
2 20458 0 0 0 0
2 20459 0 0 0 0
2 20460 0 0 0 0
2 20461 0 0 0 0
2 20462 0 0 0 0
2 20463 0 0 0 0
2 20464 0 0 0 0
2 20465 0 0 0 0
2 20466 0 0 0 0
2 20467 0 0 0 0
2 20468 0 0 0 0
2 20469 0 0 0 0
2 20470 0 0 0 0
2 20471 0 0 0 0
2 20472 0 0 0 0
2 20473 0 0 0 0
2 20474 0 0 0 0
2 20475 0 0 0 0
2 20476 0 0 0 0
2 20477 0 0 0 0
2 20478 0 0 0 0
2 20479 0 0 0 0
2 20480 0 0 0 0
2 20481 0 0 0 0
2 20482 0 0 0 0
2 20483 0 0 0 0
2 20484 0 0 0 0
2 20485 0 0 0 0
2 20486 0 0 0 0
2 20487 0 0 0 0
2 20488 0 0 0 0
2 20489 0 0 0 0
2 20490 0 0 0 0
2 20491 0 0 0 0
2 20492 0 0 0 0
2 20493 0 0 0 0
2 20494 0 0 0 0
2 20495 0 0 0 0
2 20496 0 0 0 0
2 20497 0 0 0 0
2 20498 0 0 0 0
2 20499 0 0 0 0
2 20500 0 0 0 0
2 20501 0 0 0 0
2 20502 0 0 0 0
2 20503 0 0 0 0
2 20504 0 0 0 0
2 20505 0 0 0 0
2 20506 0 0 0 0
2 20507 0 0 0 0
2 20508 0 0 0 0
2 20509 0 0 0 0
2 20510 0 0 0 0
2 20511 0 0 0 0
2 20512 0 0 0 0
2 20513 0 0 0 0
2 20514 0 0 0 0
2 20515 0 0 0 0
2 20516 0 0 0 0
2 20517 0 0 0 0
2 20518 0 0 0 0
2 20519 0 0 0 0
2 20520 0 0 0 0
2 20521 0 0 0 0
2 20522 0 0 0 0
2 20523 0 0 0 0
2 20524 0 0 0 0
2 20525 0 0 0 0
2 20526 0 0 0 0
2 20527 0 0 0 0
2 20528 0 0 0 0
2 20529 0 0 0 0
2 20530 0 0 0 0
2 20531 0 0 0 0
2 20532 0 0 0 0
2 20533 0 0 0 0
2 20534 0 0 0 0
2 20535 0 0 0 0
2 20536 0 0 0 0
2 20537 0 0 0 0
2 20538 0 0 0 0
2 20539 0 0 0 0
2 20540 0 0 0 0
2 20541 0 0 0 0
2 20542 0 0 0 0
2 20543 0 0 0 0
2 20544 0 0 0 0
2 20545 0 0 0 0
2 20546 0 0 0 0
2 20547 0 0 0 0
2 20548 0 0 0 0
2 20549 0 0 0 0
2 20550 0 0 0 0
2 20551 0 0 0 0
2 20552 0 0 0 0
2 20553 0 0 0 0
2 20554 0 0 0 0
2 20555 0 0 0 0
2 20556 0 0 0 0
2 20557 0 0 0 0
2 20558 0 0 0 0
2 20559 0 0 0 0
2 20560 0 0 0 0
2 20561 0 0 0 0
2 20562 0 0 0 0
2 20563 0 0 0 0
2 20564 0 0 0 0
2 20565 0 0 0 0
2 20566 0 0 0 0
2 20567 0 0 0 0
2 20568 0 0 0 0
2 20569 0 0 0 0
2 20570 0 0 0 0
2 20571 0 0 0 0
2 20572 0 0 0 0
2 20573 0 0 0 0
2 20574 0 0 0 0
2 20575 0 0 0 0
2 20576 0 0 0 0
2 20577 0 0 0 0
2 20578 0 0 0 0
2 20579 0 0 0 0
2 20580 0 0 0 0
2 20581 0 0 0 0
2 20582 0 0 0 0
2 20583 0 0 0 0
2 20584 0 0 0 0
2 20585 0 0 0 0
2 20586 0 0 0 0
2 20587 0 0 0 0
2 20588 0 0 0 0
2 20589 0 0 0 0
2 20590 0 0 0 0
2 20591 0 0 0 0
2 20592 0 0 0 0
2 20593 0 0 0 0
2 20594 0 0 0 0
2 20595 0 0 0 0
2 20596 0 0 0 0
2 20597 0 0 0 0
2 20598 0 0 0 0
2 20599 0 0 0 0
2 20600 0 0 0 0
2 20601 0 0 0 0
2 20602 0 0 0 0
2 20603 0 0 0 0
2 20604 0 0 0 0
2 20605 0 0 0 0
2 20606 0 0 0 0
2 20607 0 0 0 0
2 20608 0 0 0 0
2 20609 0 0 0 0
2 20610 0 0 0 0
2 20611 0 0 0 0
2 20612 0 0 0 0
2 20613 0 0 0 0
2 20614 0 0 0 0
2 20615 0 0 0 0
2 20616 0 0 0 0
2 20617 0 0 0 0
2 20618 0 0 0 0
2 20619 0 0 0 0
2 20620 0 0 0 0
2 20621 0 0 0 0
2 20622 0 0 0 0
2 20623 0 0 0 0
2 20624 0 0 0 0
2 20625 0 0 0 0
2 20626 0 0 0 0
2 20627 0 0 0 0
2 20628 0 0 0 0
2 20629 0 0 0 0
2 20630 0 0 0 0
2 20631 0 0 0 0
2 20632 0 0 0 0
2 20633 0 0 0 0
2 20634 0 0 0 0
2 20635 0 0 0 0
2 20636 0 0 0 0
2 20637 0 0 0 0
2 20638 0 0 0 0
2 20639 0 0 0 0
2 20640 0 0 0 0
2 20641 0 0 0 0
2 20642 0 0 0 0
2 20643 0 0 0 0
2 20644 0 0 0 0
2 20645 0 0 0 0
2 20646 0 0 0 0
2 20647 0 0 0 0
2 20648 0 0 0 0
2 20649 0 0 0 0
2 20650 0 0 0 0
2 20651 0 0 0 0
2 20652 0 0 0 0
2 20653 0 0 0 0
2 20654 0 0 0 0
2 20655 0 0 0 0
2 20656 0 0 0 0
2 20657 0 0 0 0
2 20658 0 0 0 0
2 20659 0 0 0 0
2 20660 0 0 0 0
2 20661 0 0 0 0
2 20662 0 0 0 0
2 20663 0 0 0 0
2 20664 0 0 0 0
2 20665 0 0 0 0
2 20666 0 0 0 0
2 20667 0 0 0 0
2 20668 0 0 0 0
2 20669 0 0 0 0
2 20670 0 0 0 0
2 20671 0 0 0 0
2 20672 0 0 0 0
2 20673 0 0 0 0
2 20674 0 0 0 0
2 20675 0 0 0 0
2 20676 0 0 0 0
2 20677 0 0 0 0
2 20678 0 0 0 0
2 20679 0 0 0 0
2 20680 0 0 0 0
2 20681 0 0 0 0
2 20682 0 0 0 0
2 20683 0 0 0 0
2 20684 0 0 0 0
2 20685 0 0 0 0
2 20686 0 0 0 0
2 20687 0 0 0 0
2 20688 0 0 0 0
2 20689 0 0 0 0
2 20690 0 0 0 0
2 20691 0 0 0 0
2 20692 0 0 0 0
2 20693 0 0 0 0
2 20694 0 0 0 0
2 20695 0 0 0 0
2 20696 0 0 0 0
2 20697 0 0 0 0
2 20698 0 0 0 0
2 20699 0 0 0 0
2 20700 0 0 0 0
2 20701 0 0 0 0
2 20702 0 0 0 0
2 20703 0 0 0 0
2 20704 0 0 0 0
2 20705 0 0 0 0
2 20706 0 0 0 0
2 20707 0 0 0 0
2 20708 0 0 0 0
2 20709 0 0 0 0
2 20710 0 0 0 0
2 20711 0 0 0 0
2 20712 0 0 0 0
2 20713 0 0 0 0
2 20714 0 0 0 0
2 20715 0 0 0 0
2 20716 0 0 0 0
2 20717 0 0 0 0
2 20718 0 0 0 0
2 20719 0 0 0 0
2 20720 0 0 0 0
2 20721 0 0 0 0
2 20722 0 0 0 0
2 20723 0 0 0 0
2 20724 0 0 0 0
2 20725 0 0 0 0
2 20726 0 0 0 0
2 20727 0 0 0 0
2 20728 0 0 0 0
2 20729 0 0 0 0
2 20730 0 0 0 0
2 20731 0 0 0 0
2 20732 0 0 0 0
2 20733 0 0 0 0
2 20734 0 0 0 0
2 20735 0 0 0 0
2 20736 0 0 0 0
2 20737 0 0 0 0
2 20738 0 0 0 0
2 20739 0 0 0 0
2 20740 0 0 0 0
2 20741 0 0 0 0
2 20742 0 0 0 0
2 20743 0 0 0 0
2 20744 0 0 0 0
2 20745 0 0 0 0
2 20746 0 0 0 0
2 20747 0 0 0 0
2 20748 0 0 0 0
2 20749 0 0 0 0
2 20750 0 0 0 0
2 20751 0 0 0 0
2 20752 0 0 0 0
2 20753 0 0 0 0
2 20754 0 0 0 0
2 20755 0 0 0 0
2 20756 0 0 0 0
2 20757 0 0 0 0
2 20758 0 0 0 0
2 20759 0 0 0 0
2 20760 0 0 0 0
2 20761 0 0 0 0
2 20762 0 0 0 0
2 20763 0 0 0 0
2 20764 0 0 0 0
2 20765 0 0 0 0
2 20766 0 0 0 0
2 20767 0 0 0 0
2 20768 0 0 0 0
2 20769 0 0 0 0
2 20770 0 0 0 0
2 20771 0 0 0 0
2 20772 0 0 0 0
2 20773 0 0 0 0
2 20774 0 0 0 0
2 20775 0 0 0 0
2 20776 0 0 0 0
2 20777 0 0 0 0
2 20778 0 0 0 0
2 20779 0 0 0 0
2 20780 0 0 0 0
2 20781 0 0 0 0
2 20782 0 0 0 0
2 20783 0 0 0 0
2 20784 0 0 0 0
2 20785 0 0 0 0
2 20786 0 0 0 0
2 20787 0 0 0 0
2 20788 0 0 0 0
2 20789 0 0 0 0
2 20790 0 0 0 0
2 20791 0 0 0 0
2 20792 0 0 0 0
2 20793 0 0 0 0
2 20794 0 0 0 0
2 20795 0 0 0 0
2 20796 0 0 0 0
2 20797 0 0 0 0
2 20798 0 0 0 0
2 20799 0 0 0 0
