626 0.2
0 1 12005 12003 1 1 100
100
1 1 12005 12004 1 1 100
100
2 1 12005 78005 1 1 100
100
3 1 12005 78006 1 1 100
100
4 1 13003 13001 1 1 100
100
5 1 13003 13002 1 1 100
100
6 1 14005 14003 1 1 100
100
7 1 14005 14004 1 1 100
100
8 1 14005 98005 1 1 100
100
9 1 14005 98006 1 1 100
100
10 1 72022 72021 1 1 100
100
11 1 74010 72019 1 1 100
100
12 1 74010 72020 1 1 100
100
13 1 74010 74009 1 1 100
100
14 1 76007 74007 1 1 100
100
15 1 76007 74008 1 1 100
100
16 1 76007 76006 1 1 100
100
17 1 78008 76005 1 1 100
100
18 1 78008 76006 1 1 100
100
19 1 78008 78007 1 1 100
100
20 1 92022 92021 1 1 100
100
21 1 94010 92019 1 1 100
100
22 1 94010 92020 1 1 100
100
23 1 94010 94009 1 1 100
100
24 1 96007 94007 1 1 100
100
25 1 96007 94008 1 1 100
100
26 1 96007 96006 1 1 100
100
27 1 98008 96005 1 1 100
100
28 1 98008 96006 1 1 100
100
29 1 98008 98007 1 1 100
100
30 2 12004 12002 1 1 100
100
31 2 12004 12003 1 1 100
100
32 2 12004 78004 1 1 100
100
33 2 12004 78005 1 1 100
100
34 2 14004 14002 1 1 100
100
35 2 14004 14003 1 1 100
100
36 2 14004 98004 1 1 100
100
37 2 14004 98005 1 1 100
100
38 2 72021 71005 1 1 100
100
39 2 72021 72020 1 1 100
100
40 2 74009 72018 1 1 100
100
41 2 74009 72019 1 1 100
100
42 2 74009 74008 1 1 100
100
43 2 76006 74006 1 1 100
100
44 2 76006 74007 1 1 100
100
45 2 76006 76005 1 1 100
100
46 2 78007 76004 1 1 100
100
47 2 78007 76005 1 1 100
100
48 2 78007 78006 1 1 100
100
49 2 92021 91005 1 1 100
100
50 2 92021 92020 1 1 100
100
51 2 94009 92018 1 1 100
100
52 2 94009 92019 1 1 100
100
53 2 94009 94008 1 1 100
100
54 2 96006 94006 1 1 100
100
55 2 96006 94007 1 1 100
100
56 2 96006 96005 1 1 100
100
57 2 98007 96004 1 1 100
100
58 2 98007 96005 1 1 100
100
59 2 98007 98006 1 1 100
100
60 3 12003 12001 1 1 100
100
61 3 12003 12002 1 1 100
100
62 3 12003 78002 1 1 100
100
63 3 12003 78003 1 1 100
100
64 3 12003 78004 1 1 100
100
65 3 14003 14001 1 1 100
100
66 3 14003 14002 1 1 100
100
67 3 14003 98002 1 1 100
100
68 3 14003 98003 1 1 100
100
69 3 14003 98004 1 1 100
100
70 3 72020 71005 1 1 100
100
71 3 72020 72019 1 1 100
100
72 3 74008 72017 1 1 100
100
73 3 74008 72018 1 1 100
100
74 3 74008 74007 1 1 100
100
75 3 76005 74004 1 1 100
100
76 3 76005 74005 1 1 100
100
77 3 76005 74006 1 1 100
100
78 3 76005 76004 1 1 100
100
79 3 78006 76003 1 1 100
100
80 3 78006 76004 1 1 100
100
81 3 78006 78005 1 1 100
100
82 3 92020 91005 1 1 100
100
83 3 92020 92019 1 1 100
100
84 3 94008 92017 1 1 100
100
85 3 94008 92018 1 1 100
100
86 3 94008 94007 1 1 100
100
87 3 96005 94004 1 1 100
100
88 3 96005 94005 1 1 100
100
89 3 96005 94006 1 1 100
100
90 3 96005 96004 1 1 100
100
91 3 98006 96003 1 1 100
100
92 3 98006 96004 1 1 100
100
93 3 98006 98005 1 1 100
100
94 4 12002 12000 1 1 100
100
95 4 12002 12001 1 1 100
100
96 4 12002 76000 1 1 100
100
97 4 12002 78001 1 1 100
100
98 4 12002 78002 1 1 100
100
99 4 12002 78003 1 1 100
100
100 4 14002 14000 1 1 100
100
101 4 14002 14001 1 1 100
100
102 4 14002 96000 1 1 100
100
103 4 14002 98001 1 1 100
100
104 4 14002 98002 1 1 100
100
105 4 14002 98003 1 1 100
100
106 4 72019 71004 1 1 100
100
107 4 72019 71005 1 1 100
100
108 4 72019 72018 1 1 100
100
109 4 74007 72016 1 1 100
100
110 4 74007 72017 1 1 100
100
111 4 74007 74006 1 1 100
100
112 4 76004 74003 1 1 100
100
113 4 76004 74004 1 1 100
100
114 4 76004 76003 1 1 100
100
115 4 78005 76002 1 1 100
100
116 4 78005 76003 1 1 100
100
117 4 78005 78004 1 1 100
100
118 4 92019 91004 1 1 100
100
119 4 92019 91005 1 1 100
100
120 4 92019 92018 1 1 100
100
121 4 94007 92016 1 1 100
100
122 4 94007 92017 1 1 100
100
123 4 94007 94006 1 1 100
100
124 4 96004 94003 1 1 100
100
125 4 96004 94004 1 1 100
100
126 4 96004 96003 1 1 100
100
127 4 98005 96002 1 1 100
100
128 4 98005 96003 1 1 100
100
129 4 98005 98004 1 1 100
100
130 5 12001 12000 1 1 100
100
131 5 12001 78000 1 1 100
100
132 5 12001 78001 1 1 100
100
133 5 14001 14000 1 1 100
100
134 5 14001 98000 1 1 100
100
135 5 14001 98001 1 1 100
100
136 5 71005 71004 1 1 100
100
137 5 72018 71003 1 1 100
100
138 5 72018 71004 1 1 100
100
139 5 72018 72017 1 1 100
100
140 5 74006 72015 1 1 100
100
141 5 74006 72016 1 1 100
100
142 5 74006 74005 1 1 100
100
143 5 76003 74001 1 1 100
100
144 5 76003 74002 1 1 100
100
145 5 76003 74003 1 1 100
100
146 5 76003 76002 1 1 100
100
147 5 78004 76002 1 1 100
100
148 5 78004 78003 1 1 100
100
149 5 91005 91004 1 1 100
100
150 5 92018 91003 1 1 100
100
151 5 92018 91004 1 1 100
100
152 5 92018 92017 1 1 100
100
153 5 94006 92015 1 1 100
100
154 5 94006 92016 1 1 100
100
155 5 94006 94005 1 1 100
100
156 5 96003 94001 1 1 100
100
157 5 96003 94002 1 1 100
100
158 5 96003 94003 1 1 100
100
159 5 96003 96002 1 1 100
100
160 5 98004 96002 1 1 100
100
161 5 98004 98003 1 1 100
100
162 6 12000 13000 1 1 100
100
163 6 12000 13001 1 1 100
100
164 6 12000 13002 1 1 100
100
165 6 12000 77006 1 1 100
100
166 6 12000 77007 1 1 100
100
167 6 12000 77008 1 1 100
100
168 6 12000 78000 1 1 100
100
169 6 14000 13000 1 1 100
100
170 6 14000 13001 1 1 100
100
171 6 14000 13002 1 1 100
100
172 6 14000 97005 1 1 100
100
173 6 14000 97006 1 1 100
100
174 6 14000 97008 1 1 100
100
175 6 14000 98000 1 1 100
100
176 6 71004 70014 1 1 100
100
177 6 71004 71003 1 1 100
100
178 6 72017 71002 1 1 100
100
179 6 72017 71003 1 1 100
100
180 6 72017 72016 1 1 100
100
181 6 74005 72014 1 1 100
100
182 6 74005 72015 1 1 100
100
183 6 74005 74004 1 1 100
100
184 6 78003 76001 1 1 100
100
185 6 78003 76002 1 1 100
100
186 6 78003 78002 1 1 100
100
187 6 91004 90014 1 1 100
100
188 6 91004 91003 1 1 100
100
189 6 92017 91002 1 1 100
100
190 6 92017 91003 1 1 100
100
191 6 92017 92016 1 1 100
100
192 6 94005 92014 1 1 100
100
193 6 94005 92015 1 1 100
100
194 6 94005 94004 1 1 100
100
195 6 98003 96001 1 1 100
100
196 6 98003 96002 1 1 100
100
197 6 98003 98002 1 1 100
100
198 7 13002 13000 1 1 100
100
199 7 13002 13001 1 1 100
100
200 7 71003 70014 1 1 100
100
201 7 71003 71002 1 1 100
100
202 7 72016 71001 1 1 100
100
203 7 72016 71002 1 1 100
100
204 7 72016 72015 1 1 100
100
205 7 74004 72013 1 1 100
100
206 7 74004 72014 1 1 100
100
207 7 74004 72015 1 1 100
100
208 7 74004 74003 1 1 100
100
209 7 76002 74000 1 1 100
100
210 7 76002 74001 1 1 100
100
211 7 76002 76001 1 1 100
100
212 7 78002 76000 1 1 100
100
213 7 78002 76001 1 1 100
100
214 7 78002 78001 1 1 100
100
215 7 91003 90014 1 1 100
100
216 7 91003 91002 1 1 100
100
217 7 92016 91001 1 1 100
100
218 7 92016 91002 1 1 100
100
219 7 92016 92015 1 1 100
100
220 7 94004 92013 1 1 100
100
221 7 94004 92014 1 1 100
100
222 7 94004 92015 1 1 100
100
223 7 94004 94003 1 1 100
100
224 7 96002 94000 1 1 100
100
225 7 96002 94001 1 1 100
100
226 7 96002 96001 1 1 100
100
227 7 98002 96000 1 1 100
100
228 7 98002 96001 1 1 100
100
229 7 98002 98001 1 1 100
100
230 8 13001 13000 1 1 100
100
231 8 13001 77000 1 1 100
100
232 8 13001 77001 1 1 100
100
233 8 13001 77002 1 1 100
100
234 8 13001 77003 1 1 100
100
235 8 13001 77004 1 1 100
100
236 8 13001 84000 1 1 100
100
237 8 13001 97000 1 1 100
100
238 8 13001 97001 1 1 100
100
239 8 13001 97002 1 1 100
100
240 8 13001 97003 1 1 100
100
241 8 13001 97004 1 1 100
100
242 8 71002 70013 1 1 100
100
243 8 71002 70014 1 1 100
100
244 8 71002 71001 1 1 100
100
245 8 72015 71000 1 1 100
100
246 8 72015 71001 1 1 100
100
247 8 72015 72014 1 1 100
100
248 8 74003 72012 1 1 100
100
249 8 74003 72013 1 1 100
100
250 8 74003 72014 1 1 100
100
251 8 74003 74002 1 1 100
100
252 8 76001 73004 1 1 100
100
253 8 76001 73005 1 1 100
100
254 8 76001 74000 1 1 100
100
255 8 76001 76000 1 1 100
100
256 8 78001 75007 1 1 100
100
257 8 78001 76000 1 1 100
100
258 8 78001 78000 1 1 100
100
259 8 91002 90013 1 1 100
100
260 8 91002 90014 1 1 100
100
261 8 91002 91001 1 1 100
100
262 8 92015 91000 1 1 100
100
263 8 92015 91001 1 1 100
100
264 8 92015 92014 1 1 100
100
265 8 94003 92013 1 1 100
100
266 8 94003 92014 1 1 100
100
267 8 94003 94002 1 1 100
100
268 8 96001 93004 1 1 100
100
269 8 96001 93005 1 1 100
100
270 8 96001 94000 1 1 100
100
271 8 96001 96000 1 1 100
100
272 8 98001 95007 1 1 100
100
273 8 98001 96000 1 1 100
100
274 8 98001 98000 1 1 100
100
275 8 94003 92012 1 1 100
100
276 9 13000 75004 1 1 100
100
277 9 13000 75005 1 1 100
100
278 9 13000 77000 1 1 100
100
279 9 13000 77001 1 1 100
100
280 9 13000 77002 1 1 100
100
281 9 13000 77003 1 1 100
100
282 9 13000 77004 1 1 100
100
283 9 13000 77005 1 1 100
100
284 9 13000 77006 1 1 100
100
285 9 13000 77007 1 1 100
100
286 9 13000 77008 1 1 100
100
287 9 13000 83000 1 1 100
100
288 9 13000 84000 1 1 100
100
289 9 13000 97000 1 1 100
100
290 9 13000 97001 1 1 100
100
291 9 13000 97002 1 1 100
100
292 9 13000 97003 1 1 100
100
293 9 13000 97004 1 1 100
100
294 9 13000 97005 1 1 100
100
295 9 13000 97006 1 1 100
100
296 9 13000 97007 1 1 100
100
297 9 13000 97008 1 1 100
100
298 9 70014 70013 1 1 100
100
299 9 71001 70012 1 1 100
100
300 9 71001 70013 1 1 100
100
301 9 71001 71000 1 1 100
100
302 9 72014 70008 1 1 100
100
303 9 72014 70009 1 1 100
100
304 9 72014 70010 1 1 100
100
305 9 72014 71000 1 1 100
100
306 9 72014 72013 1 1 100
100
307 9 74002 72012 1 1 100
100
308 9 74002 72013 1 1 100
100
309 9 74002 74001 1 1 100
100
310 9 76000 73004 1 1 100
100
311 9 76000 75007 1 1 100
100
312 9 78000 75006 1 1 100
100
313 9 78000 75007 1 1 100
100
314 9 78000 77008 1 1 100
100
315 9 90014 90013 1 1 100
100
316 9 91001 90012 1 1 100
100
317 9 91001 90013 1 1 100
100
318 9 91001 91000 1 1 100
100
319 9 92014 90008 1 1 100
100
320 9 92014 90009 1 1 100
100
321 9 92014 90010 1 1 100
100
322 9 92014 91000 1 1 100
100
323 9 92014 92013 1 1 100
100
324 9 94002 92012 1 1 100
100
325 9 94002 92013 1 1 100
100
326 9 94002 94001 1 1 100
100
327 9 96000 93004 1 1 100
100
328 9 96000 95007 1 1 100
100
329 9 98000 95006 1 1 100
100
330 9 98000 95007 1 1 100
100
331 9 98000 97008 1 1 100
100
332 10 70013 70012 1 1 100
100
333 10 71000 70009 1 1 100
100
334 10 71000 70010 1 1 100
100
335 10 71000 70011 1 1 100
100
336 10 71000 70012 1 1 100
100
337 10 72013 70007 1 1 100
100
338 10 72013 70008 1 1 100
100
339 10 72013 70009 1 1 100
100
340 10 72013 72012 1 1 100
100
341 10 74001 72011 1 1 100
100
342 10 74001 72012 1 1 100
100
343 10 74001 74000 1 1 100
100
344 10 75007 73003 1 1 100
100
345 10 75007 73004 1 1 100
100
346 10 75007 75006 1 1 100
100
347 10 77008 75005 1 1 100
100
348 10 77008 75006 1 1 100
100
349 10 77008 77007 1 1 100
100
350 10 90013 90012 1 1 100
100
351 10 91000 90009 1 1 100
100
352 10 91000 90010 1 1 100
100
353 10 91000 90011 1 1 100
100
354 10 91000 90012 1 1 100
100
355 10 92013 90007 1 1 100
100
356 10 92013 90008 1 1 100
100
357 10 92013 90009 1 1 100
100
358 10 92013 92012 1 1 100
100
359 10 94001 92011 1 1 100
100
360 10 94001 92012 1 1 100
100
361 10 94001 94000 1 1 100
100
362 10 95007 93003 1 1 100
100
363 10 95007 93004 1 1 100
100
364 10 95007 95006 1 1 100
100
365 10 97008 95005 1 1 100
100
366 10 97008 95006 1 1 100
100
367 10 97008 97007 1 1 100
100
368 11 70012 70011 1 1 100
100
369 11 72012 70006 1 1 100
100
370 11 72012 70007 1 1 100
100
371 11 72012 70008 1 1 100
100
372 11 72012 72011 1 1 100
100
373 11 74000 72010 1 1 100
100
374 11 74000 72011 1 1 100
100
375 11 74000 73005 1 1 100
100
376 11 75006 73002 1 1 100
100
377 11 75006 73003 1 1 100
100
378 11 75006 75005 1 1 100
100
379 11 77007 75004 1 1 100
100
380 11 77007 75005 1 1 100
100
381 11 77007 77006 1 1 100
100
382 11 90012 90011 1 1 100
100
383 11 92012 90006 1 1 100
100
384 11 92012 90007 1 1 100
100
385 11 92012 90008 1 1 100
100
386 11 92012 92011 1 1 100
100
387 11 94000 92010 1 1 100
100
388 11 94000 92011 1 1 100
100
389 11 94000 93005 1 1 100
100
390 11 95006 93002 1 1 100
100
391 11 95006 93003 1 1 100
100
392 11 95006 95005 1 1 100
100
393 11 97007 95004 1 1 100
100
394 11 97007 95005 1 1 100
100
395 11 97007 97006 1 1 100
100
396 12 70011 70010 1 1 100
100
397 12 73005 72008 1 1 100
100
398 12 73005 72009 1 1 100
100
399 12 73005 72010 1 1 100
100
400 12 73005 72011 1 1 100
100
401 12 73005 73004 1 1 100
100
402 12 75005 73002 1 1 100
100
403 12 75005 75004 1 1 100
100
404 12 77006 75003 1 1 100
100
405 12 77006 75004 1 1 100
100
406 12 77006 77005 1 1 100
100
407 12 90011 90010 1 1 100
100
408 12 93005 92009 1 1 100
100
409 12 93005 92010 1 1 100
100
410 12 93005 92011 1 1 100
100
411 12 93005 93004 1 1 100
100
412 12 95005 93002 1 1 100
100
413 12 95005 95004 1 1 100
100
414 12 97006 95003 1 1 100
100
415 12 97006 95004 1 1 100
100
416 12 97006 97005 1 1 100
100
417 12 93005 92008 1 1 100
100
418 13 70010 70009 1 1 100
100
419 13 72011 70005 1 1 100
100
420 13 72011 70006 1 1 100
100
421 13 72011 70007 1 1 100
100
422 13 72011 72010 1 1 100
100
423 13 73004 72007 1 1 100
100
424 13 73004 72008 1 1 100
100
425 13 73004 72009 1 1 100
100
426 13 73004 73003 1 1 100
100
427 13 75004 73001 1 1 100
100
428 13 75004 73002 1 1 100
100
429 13 75004 75003 1 1 100
100
430 13 77005 75002 1 1 100
100
431 13 77005 75003 1 1 100
100
432 13 77005 77004 1 1 100
100
433 13 90010 90009 1 1 100
100
434 13 92011 90005 1 1 100
100
435 13 92011 90006 1 1 100
100
436 13 92011 90007 1 1 100
100
437 13 92011 92010 1 1 100
100
438 13 93004 92007 1 1 100
100
439 13 93004 92008 1 1 100
100
440 13 93004 92009 1 1 100
100
441 13 93004 93003 1 1 100
100
442 13 95004 93001 1 1 100
100
443 13 95004 93002 1 1 100
100
444 13 95004 95003 1 1 100
100
445 13 97005 95002 1 1 100
100
446 13 97005 95003 1 1 100
100
447 13 97005 97004 1 1 100
100
448 14 70009 70008 1 1 100
100
449 14 72010 70004 1 1 100
100
450 14 72010 70005 1 1 100
100
451 14 72010 70006 1 1 100
100
452 14 72010 72009 1 1 100
100
453 14 73003 72005 1 1 100
100
454 14 73003 72006 1 1 100
100
455 14 73003 72007 1 1 100
100
456 14 73003 73002 1 1 100
100
457 14 77004 75002 1 1 100
100
458 14 77004 75003 1 1 100
100
459 14 77004 77003 1 1 100
100
460 14 90009 90008 1 1 100
100
461 14 92010 90004 1 1 100
100
462 14 92010 90005 1 1 100
100
463 14 92010 90006 1 1 100
100
464 14 92010 92009 1 1 100
100
465 14 93003 92005 1 1 100
100
466 14 93003 92006 1 1 100
100
467 14 93003 92007 1 1 100
100
468 14 93003 93002 1 1 100
100
469 14 97004 95002 1 1 100
100
470 14 97004 95003 1 1 100
100
471 14 97004 97003 1 1 100
100
472 15 70008 70007 1 1 100
100
473 15 72009 70003 1 1 100
100
474 15 72009 70004 1 1 100
100
475 15 72009 70005 1 1 100
100
476 15 72009 72008 1 1 100
100
477 15 73002 72003 1 1 100
100
478 15 73002 72004 1 1 100
100
479 15 73002 72005 1 1 100
100
480 15 73002 73001 1 1 100
100
481 15 75003 73000 1 1 100
100
482 15 75003 73001 1 1 100
100
483 15 75003 75002 1 1 100
100
484 15 77003 75001 1 1 100
100
485 15 77003 75002 1 1 100
100
486 15 77003 77002 1 1 100
100
487 15 90008 90007 1 1 100
100
488 15 92009 90003 1 1 100
100
489 15 92009 90004 1 1 100
100
490 15 92009 90005 1 1 100
100
491 15 92009 92008 1 1 100
100
492 15 93002 92003 1 1 100
100
493 15 93002 92004 1 1 100
100
494 15 93002 92005 1 1 100
100
495 15 93002 93001 1 1 100
100
496 15 95003 93000 1 1 100
100
497 15 95003 93001 1 1 100
100
498 15 95003 95002 1 1 100
100
499 15 97003 95001 1 1 100
100
500 15 97003 95002 1 1 100
100
501 15 97003 97002 1 1 100
100
502 16 70007 70006 1 1 100
100
503 16 72008 70002 1 1 100
100
504 16 72008 70003 1 1 100
100
505 16 72008 70004 1 1 100
100
506 16 72008 72007 1 1 100
100
507 16 73001 72002 1 1 100
100
508 16 73001 72003 1 1 100
100
509 16 73001 72004 1 1 100
100
510 16 73001 73000 1 1 100
100
511 16 75002 73000 1 1 100
100
512 16 75002 75001 1 1 100
100
513 16 77002 75000 1 1 100
100
514 16 77002 75001 1 1 100
100
515 16 77002 77001 1 1 100
100
516 16 90007 90006 1 1 100
100
517 16 92008 90002 1 1 100
100
518 16 92008 90003 1 1 100
100
519 16 92008 90004 1 1 100
100
520 16 92008 92007 1 1 100
100
521 16 93001 92002 1 1 100
100
522 16 93001 92003 1 1 100
100
523 16 93001 92004 1 1 100
100
524 16 93001 93000 1 1 100
100
525 16 95002 93000 1 1 100
100
526 16 95002 95001 1 1 100
100
527 16 97002 95000 1 1 100
100
528 16 97002 95001 1 1 100
100
529 16 97002 97001 1 1 100
100
530 17 70006 70005 1 1 100
100
531 17 72007 70001 1 1 100
100
532 17 72007 70002 1 1 100
100
533 17 72007 70003 1 1 100
100
534 17 72007 72006 1 1 100
100
535 17 75001 73000 1 1 100
100
536 17 75001 75000 1 1 100
100
537 17 75001 82000 1 1 100
100
538 17 77001 75000 1 1 100
100
539 17 77001 77000 1 1 100
100
540 17 77001 83000 1 1 100
100
541 17 90006 90005 1 1 100
100
542 17 92007 90001 1 1 100
100
543 17 92007 90002 1 1 100
100
544 17 92007 90003 1 1 100
100
545 17 92007 92006 1 1 100
100
546 17 95001 82000 1 1 100
100
547 17 95001 93000 1 1 100
100
548 17 95001 95000 1 1 100
100
549 17 97001 83000 1 1 100
100
550 17 97001 95000 1 1 100
100
551 17 97001 97000 1 1 100
100
552 18 70005 70004 1 1 100
100
553 18 72006 70000 1 1 100
100
554 18 72006 70001 1 1 100
100
555 18 72006 70002 1 1 100
100
556 18 72006 72005 1 1 100
100
557 18 73000 72000 1 1 100
100
558 18 73000 72001 1 1 100
100
559 18 73000 72002 1 1 100
100
560 18 73000 82000 1 1 100
100
561 18 75000 82000 1 1 100
100
562 18 75000 83000 1 1 100
100
563 18 77000 83000 1 1 100
100
564 18 77000 84000 1 1 100
100
565 18 90005 90004 1 1 100
100
566 18 92006 90000 1 1 100
100
567 18 92006 90001 1 1 100
100
568 18 92006 90002 1 1 100
100
569 18 92006 92005 1 1 100
100
570 18 93000 82000 1 1 100
100
571 18 93000 92000 1 1 100
100
572 18 93000 92001 1 1 100
100
573 18 93000 92002 1 1 100
100
574 18 95000 82000 1 1 100
100
575 18 95000 83000 1 1 100
100
576 18 97000 83000 1 1 100
100
577 18 97000 84000 1 1 100
100
578 19 70004 70003 1 1 100
100
579 19 72005 70000 1 1 100
100
580 19 72005 70001 1 1 100
100
581 19 72005 72004 1 1 100
100
582 19 84000 82000 1 1 100
100
583 19 84000 83000 1 1 100
100
584 19 90004 90003 1 1 100
100
585 19 92005 90000 1 1 100
100
586 19 92005 90001 1 1 100
100
587 19 92005 92004 1 1 100
100
588 20 70003 70002 1 1 100
100
589 20 72004 70000 1 1 100
100
590 20 72004 72003 1 1 100
100
591 20 72004 80000 1 1 100
100
592 20 83000 81000 1 1 100
100
593 20 83000 82000 1 1 100
100
594 20 90003 90002 1 1 100
100
595 20 92004 80000 1 1 100
100
596 20 92004 90000 1 1 100
100
597 20 92004 92003 1 1 100
100
598 21 70002 70001 1 1 100
100
599 21 72003 72002 1 1 100
100
600 21 72003 80000 1 1 100
100
601 21 82000 72000 1 1 100
100
602 21 82000 72001 1 1 100
100
603 21 82000 81000 1 1 100
100
604 21 82000 92000 1 1 100
100
605 21 82000 92001 1 1 100
100
606 21 90002 90001 1 1 100
100
607 21 92003 80000 1 1 100
100
608 21 92003 92002 1 1 100
100
609 22 70001 70000 1 1 100
100
610 22 72002 72001 1 1 100
100
611 22 72002 80000 1 1 100
100
612 22 90001 90000 1 1 100
100
613 22 92002 80000 1 1 100
100
614 22 92002 92001 1 1 100
100
615 23 70000 80000 1 1 100
100
616 23 72001 72000 1 1 100
100
617 23 72001 80000 1 1 100
100
618 23 90000 80000 1 1 100
100
619 23 92001 80000 1 1 100
100
620 23 92001 92000 1 1 100
100
621 24 72000 80000 1 1 100
100
622 24 72000 81000 1 1 100
100
623 24 92000 80000 1 1 100
100
624 24 92000 81000 1 1 100
100
625 25 81000 80000 1 1 100
100
