86 0.2
0 1 12008 12006 1 1 100
100
1 1 12008 12007 1 1 100
100
2 1 13003 13001 1 1 100
100
3 1 13003 13002 1 1 100
100
4 1 14008 14006 1 1 100
100
5 1 14008 14007 1 1 100
100
6 2 12007 12005 1 1 100
100
7 2 12007 12006 1 1 100
100
8 2 14007 14005 1 1 100
100
9 2 14007 14006 1 1 100
100
10 3 12006 12004 1 1 100
100
11 3 12006 12005 1 1 100
100
12 3 14006 14004 1 1 100
100
13 3 14006 14005 1 1 100
100
14 3 14006 92000 1 1 100
100
15 4 12005 12003 1 1 100
100
16 4 12005 12004 1 1 100
100
17 4 12005 71000 1 1 100
100
18 4 12005 72000 1 1 100
100
19 4 14005 14003 1 1 100
100
20 4 14005 14004 1 1 100
100
21 4 14005 91000 1 1 100
100
22 4 14005 92000 1 1 100
100
23 5 12004 12002 1 1 100
100
24 5 12004 12003 1 1 100
100
25 5 12004 71000 1 1 100
100
26 5 12004 72000 1 1 100
100
27 5 14004 14002 1 1 100
100
28 5 14004 14003 1 1 100
100
29 5 14004 91000 1 1 100
100
30 5 14004 92000 1 1 100
100
31 6 12003 12001 1 1 100
100
32 6 12003 12002 1 1 100
100
33 6 12003 70000 1 1 100
100
34 6 12003 71000 1 1 100
100
35 6 12003 72000 1 1 100
100
36 6 14003 14001 1 1 100
100
37 6 14003 14002 1 1 100
100
38 6 14003 90000 1 1 100
100
39 6 14003 91000 1 1 100
100
40 6 14003 92000 1 1 100
100
41 7 12002 12000 1 1 100
100
42 7 12002 12001 1 1 100
100
43 7 12002 70000 1 1 100
100
44 7 12002 71000 1 1 100
100
45 7 14002 14000 1 1 100
100
46 7 14002 14001 1 1 100
100
47 7 14002 90000 1 1 100
100
48 7 14002 91000 1 1 100
100
49 7 72000 70000 1 1 100
100
50 7 72000 71000 1 1 100
100
51 7 92000 90000 1 1 100
100
52 7 92000 91000 1 1 100
100
53 8 12001 12000 1 1 100
100
54 8 12001 70000 1 1 100
100
55 8 12001 83000 1 1 100
100
56 8 14001 14000 1 1 100
100
57 8 14001 83000 1 1 100
100
58 8 14001 90000 1 1 100
100
59 8 71000 70000 1 1 100
100
60 8 71000 81000 1 1 100
100
61 8 91000 81000 1 1 100
100
62 8 91000 90000 1 1 100
100
63 9 12000 13000 1 1 100
100
64 9 12000 13001 1 1 100
100
65 9 12000 13002 1 1 100
100
66 9 12000 83000 1 1 100
100
67 9 14000 13000 1 1 100
100
68 9 14000 13001 1 1 100
100
69 9 14000 13002 1 1 100
100
70 9 14000 83000 1 1 100
100
71 9 70000 81000 1 1 100
100
72 9 70000 82000 1 1 100
100
73 9 90000 81000 1 1 100
100
74 9 90000 82000 1 1 100
100
75 10 13002 13000 1 1 100
100
76 10 13002 13001 1 1 100
100
77 11 13001 13000 1 1 100
100
78 11 13001 83000 1 1 100
100
79 12 13000 82000 1 1 100
100
80 12 13000 83000 1 1 100
100
81 13 83000 81000 1 1 100
100
82 13 83000 82000 1 1 100
100
83 14 82000 80000 1 1 100
100
84 14 82000 81000 1 1 100
100
85 15 81000 80000 1 1 100
100
