713 0.2
0 1 12005 78005 1 1 100
100
1 1 12005 12003 1 1 100
100
2 1 12005 12004 1 1 100
100
3 1 12005 78006 1 1 100
100
4 1 13003 13001 1 1 100
100
5 1 13003 13002 1 1 100
100
6 1 14005 14003 1 1 100
100
7 1 14005 14004 1 1 100
100
8 1 14005 98005 1 1 100
100
9 1 14005 98004 1 1 100
100
10 1 14005 98006 1 1 100
100
11 1 72022 72021 1 1 100
100
12 1 74010 72019 1 1 100
100
13 1 74010 72020 1 1 100
100
14 1 74010 74009 1 1 100
100
15 1 76007 74007 1 1 100
100
16 1 76007 74008 1 1 100
100
17 1 76007 76006 1 1 100
100
18 1 78008 76005 1 1 100
100
19 1 78008 76006 1 1 100
100
20 1 78008 78007 1 1 100
100
21 1 92022 92021 1 1 100
100
22 1 94010 92019 1 1 100
100
23 1 94010 92020 1 1 100
100
24 1 94010 94009 1 1 100
100
25 1 96007 94007 1 1 100
100
26 1 96007 94008 1 1 100
100
27 1 96007 96006 1 1 100
100
28 1 98007 96005 1 1 100
100
29 1 98007 96004 1 1 100
100
30 1 98007 98006 1 1 100
100
31 1 98008 96005 1 1 100
100
32 1 98008 96006 1 1 100
100
33 1 98008 98007 1 1 100
100
34 1 78007 76005 1 1 100
100
35 1 78007 76004 1 1 100
100
36 1 78007 78006 1 1 100
100
37 2 12004 78005 1 1 100
100
38 2 12004 12002 1 1 100
100
39 2 12004 12003 1 1 100
100
40 2 12004 76002 1 1 100
100
41 2 12004 78004 1 1 100
100
42 2 14004 14002 1 1 100
100
43 2 14004 14003 1 1 100
100
44 2 14004 98005 1 1 100
100
45 2 14004 98004 1 1 100
100
46 2 72021 71005 1 1 100
100
47 2 72021 72020 1 1 100
100
48 2 74009 72018 1 1 100
100
49 2 74009 72019 1 1 100
100
50 2 74009 74008 1 1 100
100
51 2 76006 74006 1 1 100
100
52 2 76006 76005 1 1 100
100
53 2 76006 74007 1 1 100
100
54 2 78007 76005 1 1 100
100
55 2 78007 76004 1 1 100
100
56 2 78007 78006 1 1 100
100
57 2 92021 92020 1 1 100
100
58 2 92021 91005 1 1 100
100
59 2 94009 92017 1 1 100
100
60 2 94009 92019 1 1 100
100
61 2 94009 92018 1 1 100
100
62 2 94009 94008 1 1 100
100
63 2 96006 94007 1 1 100
100
64 2 96006 94006 1 1 100
100
65 2 96006 96005 1 1 100
100
66 2 98006 96003 1 1 100
100
67 2 98006 98005 1 1 100
100
68 2 98006 96004 1 1 100
100
69 2 98007 96005 1 1 100
100
70 2 98007 96004 1 1 100
100
71 2 98007 98006 1 1 100
100
72 2 74009 72017 1 1 100
100
73 2 78006 76003 1 1 100
100
74 2 78006 78005 1 1 100
100
75 2 78006 76004 1 1 100
100
76 3 12003 12001 1 1 100
100
77 3 12003 12002 1 1 100
100
78 3 12003 78004 1 1 100
100
79 3 12003 78002 1 1 100
100
80 3 12003 78003 1 1 100
100
81 3 14003 14001 1 1 100
100
82 3 14003 14002 1 1 100
100
83 3 14003 96001 1 1 100
100
84 3 14003 98003 1 1 100
100
85 3 14003 98002 1 1 100
100
86 3 14003 98004 1 1 100
100
87 3 72020 72019 1 1 100
100
88 3 72020 71004 1 1 100
100
89 3 72020 71005 1 1 100
100
90 3 74008 72018 1 1 100
100
91 3 74008 72017 1 1 100
100
92 3 74008 74007 1 1 100
100
93 3 76005 74004 1 1 100
100
94 3 76005 74005 1 1 100
100
95 3 76005 74006 1 1 100
100
96 3 76005 76004 1 1 100
100
97 3 78006 76003 1 1 100
100
98 3 78006 78005 1 1 100
100
99 3 78006 76004 1 1 100
100
100 3 92020 92019 1 1 100
100
101 3 92020 91005 1 1 100
100
102 3 94008 92017 1 1 100
100
103 3 94008 94007 1 1 100
100
104 3 94008 92018 1 1 100
100
105 3 96005 94004 1 1 100
100
106 3 96005 94006 1 1 100
100
107 3 96005 94005 1 1 100
100
108 3 96005 96004 1 1 100
100
109 3 98005 96003 1 1 100
100
110 3 98005 98004 1 1 100
100
111 3 98005 96002 1 1 100
100
112 3 92020 91004 1 1 100
100
113 3 98006 96003 1 1 100
100
114 3 98006 98005 1 1 100
100
115 3 98006 96004 1 1 100
100
116 3 78005 76003 1 1 100
100
117 3 78005 78004 1 1 100
100
118 3 78005 76002 1 1 100
100
119 4 12002 12000 1 1 100
100
120 4 12002 12001 1 1 100
100
121 4 12002 78001 1 1 100
100
122 4 12002 76000 1 1 100
100
123 4 12002 78002 1 1 100
100
124 4 12002 78003 1 1 100
100
125 4 14002 14001 1 1 100
100
126 4 14002 14000 1 1 100
100
127 4 14002 98003 1 1 100
100
128 4 14002 96000 1 1 100
100
129 4 14002 98001 1 1 100
100
130 4 14002 98002 1 1 100
100
131 4 72019 72018 1 1 100
100
132 4 72019 71004 1 1 100
100
133 4 72019 71005 1 1 100
100
134 4 74007 74006 1 1 100
100
135 4 74007 72016 1 1 100
100
136 4 74007 72017 1 1 100
100
137 4 76004 76003 1 1 100
100
138 4 76004 74003 1 1 100
100
139 4 76004 74004 1 1 100
100
140 4 78005 76003 1 1 100
100
141 4 78005 76002 1 1 100
100
142 4 78005 78004 1 1 100
100
143 4 92019 91004 1 1 100
100
144 4 92019 92018 1 1 100
100
145 4 92019 91005 1 1 100
100
146 4 94007 92016 1 1 100
100
147 4 94007 92017 1 1 100
100
148 4 94007 94006 1 1 100
100
149 4 96004 94003 1 1 100
100
150 4 96004 94004 1 1 100
100
151 4 96004 96003 1 1 100
100
152 4 98004 98003 1 1 100
100
153 4 98004 96002 1 1 100
100
154 4 98005 96003 1 1 100
100
155 4 98005 96002 1 1 100
100
156 4 98005 98004 1 1 100
100
157 4 78004 78003 1 1 100
100
158 4 78004 76002 1 1 100
100
159 5 12001 12000 1 1 100
100
160 5 12001 78001 1 1 100
100
161 5 12001 78000 1 1 100
100
162 5 14001 98000 1 1 100
100
163 5 14001 14000 1 1 100
100
164 5 14001 98001 1 1 100
100
165 5 71005 71004 1 1 100
100
166 5 72018 71003 1 1 100
100
167 5 72018 72017 1 1 100
100
168 5 72018 71004 1 1 100
100
169 5 74006 74005 1 1 100
100
170 5 74006 72015 1 1 100
100
171 5 74006 72016 1 1 100
100
172 5 76003 74001 1 1 100
100
173 5 76003 74002 1 1 100
100
174 5 76003 74003 1 1 100
100
175 5 76003 76002 1 1 100
100
176 5 78004 76002 1 1 100
100
177 5 78004 78003 1 1 100
100
178 5 91005 90014 1 1 100
100
179 5 91005 91004 1 1 100
100
180 5 92018 92017 1 1 100
100
181 5 92018 91002 1 1 100
100
182 5 92018 91003 1 1 100
100
183 5 92018 91004 1 1 100
100
184 5 94006 92015 1 1 100
100
185 5 94006 92016 1 1 100
100
186 5 94006 94005 1 1 100
100
187 5 96003 94002 1 1 100
100
188 5 96003 94003 1 1 100
100
189 5 96003 94001 1 1 100
100
190 5 96003 96002 1 1 100
100
191 5 98003 96001 1 1 100
100
192 5 98003 98002 1 1 100
100
193 5 98003 96002 1 1 100
100
194 5 98004 96002 1 1 100
100
195 5 98004 98003 1 1 100
100
196 5 71005 70014 1 1 100
100
197 5 72018 71002 1 1 100
100
198 5 78003 76001 1 1 100
100
199 5 78003 78002 1 1 100
100
200 5 78003 76002 1 1 100
100
201 6 12000 13000 1 1 100
100
202 6 12000 13001 1 1 100
100
203 6 12000 13002 1 1 100
100
204 6 12000 77008 1 1 100
100
205 6 12000 77007 1 1 100
100
206 6 12000 77006 1 1 100
100
207 6 12000 78000 1 1 100
100
208 6 14000 13000 1 1 100
100
209 6 14000 13001 1 1 100
100
210 6 14000 13002 1 1 100
100
211 6 14000 95006 1 1 100
100
212 6 14000 98000 1 1 100
100
213 6 14000 97008 1 1 100
100
214 6 71004 71003 1 1 100
100
215 6 71004 70014 1 1 100
100
216 6 72017 71002 1 1 100
100
217 6 72017 71003 1 1 100
100
218 6 72017 72016 1 1 100
100
219 6 74005 74004 1 1 100
100
220 6 74005 72014 1 1 100
100
221 6 74005 72015 1 1 100
100
222 6 78003 76001 1 1 100
100
223 6 78003 76002 1 1 100
100
224 6 78003 78002 1 1 100
100
225 6 91004 90014 1 1 100
100
226 6 91004 91003 1 1 100
100
227 6 92017 92016 1 1 100
100
228 6 92017 91002 1 1 100
100
229 6 92017 91003 1 1 100
100
230 6 94005 94004 1 1 100
100
231 6 94005 92014 1 1 100
100
232 6 94005 92015 1 1 100
100
233 6 96002 96001 1 1 100
100
234 6 96002 94000 1 1 100
100
235 6 96002 94001 1 1 100
100
236 6 98002 96001 1 1 100
100
237 6 98002 96000 1 1 100
100
238 6 98002 98001 1 1 100
100
239 6 98003 96001 1 1 100
100
240 6 98003 96002 1 1 100
100
241 6 98003 98002 1 1 100
100
242 6 76002 76001 1 1 100
100
243 6 76002 74000 1 1 100
100
244 6 76002 74001 1 1 100
100
245 6 78002 76001 1 1 100
100
246 6 78002 76000 1 1 100
100
247 6 78002 78001 1 1 100
100
248 7 13002 13000 1 1 100
100
249 7 13002 13001 1 1 100
100
250 7 71003 71002 1 1 100
100
251 7 71003 70014 1 1 100
100
252 7 72016 71001 1 1 100
100
253 7 72016 71002 1 1 100
100
254 7 72016 72015 1 1 100
100
255 7 74004 72013 1 1 100
100
256 7 74004 74003 1 1 100
100
257 7 74004 72014 1 1 100
100
258 7 74004 72015 1 1 100
100
259 7 76002 74000 1 1 100
100
260 7 76002 74001 1 1 100
100
261 7 76002 76001 1 1 100
100
262 7 78002 78001 1 1 100
100
263 7 78002 76001 1 1 100
100
264 7 78002 76000 1 1 100
100
265 7 91003 90014 1 1 100
100
266 7 91003 91002 1 1 100
100
267 7 92016 92015 1 1 100
100
268 7 92016 91002 1 1 100
100
269 7 92016 91001 1 1 100
100
270 7 94004 92013 1 1 100
100
271 7 94004 94003 1 1 100
100
272 7 94004 92014 1 1 100
100
273 7 94004 92015 1 1 100
100
274 7 96001 93004 1 1 100
100
275 7 96001 96000 1 1 100
100
276 7 96001 93005 1 1 100
100
277 7 96001 94000 1 1 100
100
278 7 98001 98000 1 1 100
100
279 7 98001 96000 1 1 100
100
280 7 98001 95007 1 1 100
100
281 7 96002 94000 1 1 100
100
282 7 96002 94001 1 1 100
100
283 7 96002 96001 1 1 100
100
284 7 98002 98001 1 1 100
100
285 7 98002 96001 1 1 100
100
286 7 98002 96000 1 1 100
100
287 7 76001 73004 1 1 100
100
288 7 76001 76000 1 1 100
100
289 7 76001 73005 1 1 100
100
290 7 76001 74000 1 1 100
100
291 7 78001 78000 1 1 100
100
292 7 78001 76000 1 1 100
100
293 7 78001 75007 1 1 100
100
294 8 13001 84000 1 1 100
100
295 8 13001 13000 1 1 100
100
296 8 13001 77003 1 1 100
100
297 8 13001 77002 1 1 100
100
298 8 13001 77001 1 1 100
100
299 8 13001 97004 1 1 100
100
300 8 13001 97000 1 1 100
100
301 8 13001 97001 1 1 100
100
302 8 13001 77000 1 1 100
100
303 8 13001 97003 1 1 100
100
304 8 13001 97005 1 1 100
100
305 8 13001 77004 1 1 100
100
306 8 71002 70013 1 1 100
100
307 8 71002 71001 1 1 100
100
308 8 71002 70014 1 1 100
100
309 8 72015 71001 1 1 100
100
310 8 72015 72014 1 1 100
100
311 8 72015 71000 1 1 100
100
312 8 74003 74002 1 1 100
100
313 8 74003 72012 1 1 100
100
314 8 74003 72013 1 1 100
100
315 8 74003 72014 1 1 100
100
316 8 76001 73005 1 1 100
100
317 8 76001 74000 1 1 100
100
318 8 76001 73004 1 1 100
100
319 8 76001 76000 1 1 100
100
320 8 78001 75007 1 1 100
100
321 8 78001 78000 1 1 100
100
322 8 78001 76000 1 1 100
100
323 8 91002 90013 1 1 100
100
324 8 91002 90014 1 1 100
100
325 8 91002 91001 1 1 100
100
326 8 92015 92014 1 1 100
100
327 8 92015 91000 1 1 100
100
328 8 92015 91001 1 1 100
100
329 8 94003 92012 1 1 100
100
330 8 94003 92013 1 1 100
100
331 8 94003 94002 1 1 100
100
332 8 94003 92014 1 1 100
100
333 8 96000 93004 1 1 100
100
334 8 96000 95007 1 1 100
100
335 8 98000 95006 1 1 100
100
336 8 98000 95007 1 1 100
100
337 8 98000 97008 1 1 100
100
338 8 96001 93005 1 1 100
100
339 8 96001 94000 1 1 100
100
340 8 96001 93004 1 1 100
100
341 8 96001 96000 1 1 100
100
342 8 98001 95007 1 1 100
100
343 8 98001 98000 1 1 100
100
344 8 98001 96000 1 1 100
100
345 8 76000 73004 1 1 100
100
346 8 76000 75007 1 1 100
100
347 8 78000 75006 1 1 100
100
348 8 78000 75007 1 1 100
100
349 8 78000 77008 1 1 100
100
350 9 13000 83000 1 1 100
100
351 9 13000 84000 1 1 100
100
352 9 13000 77003 1 1 100
100
353 9 13000 77002 1 1 100
100
354 9 13000 97002 1 1 100
100
355 9 13000 77001 1 1 100
100
356 9 13000 97004 1 1 100
100
357 9 13000 75005 1 1 100
100
358 9 13000 77008 1 1 100
100
359 9 13000 97000 1 1 100
100
360 9 13000 97001 1 1 100
100
361 9 13000 77007 1 1 100
100
362 9 13000 77006 1 1 100
100
363 9 13000 77000 1 1 100
100
364 9 13000 97007 1 1 100
100
365 9 13000 97003 1 1 100
100
366 9 13000 97008 1 1 100
100
367 9 13000 77005 1 1 100
100
368 9 13000 95003 1 1 100
100
369 9 13000 95004 1 1 100
100
370 9 13000 97006 1 1 100
100
371 9 13000 97005 1 1 100
100
372 9 13000 77004 1 1 100
100
373 9 70014 70013 1 1 100
100
374 9 71001 70012 1 1 100
100
375 9 71001 70013 1 1 100
100
376 9 71001 71000 1 1 100
100
377 9 72014 72013 1 1 100
100
378 9 72014 70009 1 1 100
100
379 9 72014 70008 1 1 100
100
380 9 72014 71000 1 1 100
100
381 9 74002 74001 1 1 100
100
382 9 74002 72012 1 1 100
100
383 9 74002 72013 1 1 100
100
384 9 76000 75007 1 1 100
100
385 9 76000 73004 1 1 100
100
386 9 78000 77008 1 1 100
100
387 9 78000 75007 1 1 100
100
388 9 78000 75006 1 1 100
100
389 9 90014 90013 1 1 100
100
390 9 91001 90012 1 1 100
100
391 9 91001 90013 1 1 100
100
392 9 91001 91000 1 1 100
100
393 9 92014 92012 1 1 100
100
394 9 92014 92013 1 1 100
100
395 9 92014 90008 1 1 100
100
396 9 92014 90009 1 1 100
100
397 9 92014 90010 1 1 100
100
398 9 92014 91000 1 1 100
100
399 9 94002 92012 1 1 100
100
400 9 94002 92013 1 1 100
100
401 9 94002 94001 1 1 100
100
402 9 95007 93003 1 1 100
100
403 9 95007 95006 1 1 100
100
404 9 95007 93004 1 1 100
100
405 9 96000 95007 1 1 100
100
406 9 96000 93004 1 1 100
100
407 9 98000 97008 1 1 100
100
408 9 98000 95007 1 1 100
100
409 9 98000 95006 1 1 100
100
410 9 72014 72012 1 1 100
100
411 9 72014 70010 1 1 100
100
412 9 75007 73003 1 1 100
100
413 9 75007 75006 1 1 100
100
414 9 75007 73004 1 1 100
100
415 10 70013 70012 1 1 100
100
416 10 71000 70010 1 1 100
100
417 10 71000 70011 1 1 100
100
418 10 71000 70012 1 1 100
100
419 10 72013 72012 1 1 100
100
420 10 72013 70007 1 1 100
100
421 10 72013 70009 1 1 100
100
422 10 72013 70008 1 1 100
100
423 10 74001 74000 1 1 100
100
424 10 74001 72011 1 1 100
100
425 10 74001 72012 1 1 100
100
426 10 75007 73003 1 1 100
100
427 10 75007 75006 1 1 100
100
428 10 75007 73004 1 1 100
100
429 10 77008 75005 1 1 100
100
430 10 77008 77007 1 1 100
100
431 10 77008 75006 1 1 100
100
432 10 90013 90012 1 1 100
100
433 10 91000 90009 1 1 100
100
434 10 91000 90010 1 1 100
100
435 10 91000 90011 1 1 100
100
436 10 91000 90012 1 1 100
100
437 10 92013 92012 1 1 100
100
438 10 92013 90007 1 1 100
100
439 10 92013 90008 1 1 100
100
440 10 92013 90009 1 1 100
100
441 10 94001 92011 1 1 100
100
442 10 94001 92012 1 1 100
100
443 10 94001 94000 1 1 100
100
444 10 97008 95006 1 1 100
100
445 10 97008 95005 1 1 100
100
446 10 97008 97007 1 1 100
100
447 10 95007 93003 1 1 100
100
448 10 95007 95006 1 1 100
100
449 10 95007 93004 1 1 100
100
450 10 71000 70009 1 1 100
100
451 11 70012 70011 1 1 100
100
452 11 72012 72011 1 1 100
100
453 11 72012 70006 1 1 100
100
454 11 72012 70007 1 1 100
100
455 11 72012 70008 1 1 100
100
456 11 74000 72010 1 1 100
100
457 11 74000 73005 1 1 100
100
458 11 74000 72011 1 1 100
100
459 11 75006 73002 1 1 100
100
460 11 75006 75005 1 1 100
100
461 11 75006 73003 1 1 100
100
462 11 77007 75005 1 1 100
100
463 11 77007 75004 1 1 100
100
464 11 77007 77006 1 1 100
100
465 11 90012 90011 1 1 100
100
466 11 92012 90006 1 1 100
100
467 11 92012 92011 1 1 100
100
468 11 92012 90007 1 1 100
100
469 11 92012 90008 1 1 100
100
470 11 94000 92011 1 1 100
100
471 11 94000 93005 1 1 100
100
472 11 94000 92010 1 1 100
100
473 11 95006 93002 1 1 100
100
474 11 95006 93003 1 1 100
100
475 11 95006 95005 1 1 100
100
476 11 97007 95005 1 1 100
100
477 11 97007 95004 1 1 100
100
478 11 97007 97006 1 1 100
100
479 12 70011 70010 1 1 100
100
480 12 73005 72009 1 1 100
100
481 12 73005 72010 1 1 100
100
482 12 73005 72011 1 1 100
100
483 12 73005 72008 1 1 100
100
484 12 73005 73004 1 1 100
100
485 12 75005 73002 1 1 100
100
486 12 75005 75004 1 1 100
100
487 12 77006 75004 1 1 100
100
488 12 77006 75003 1 1 100
100
489 12 77006 77005 1 1 100
100
490 12 90011 90010 1 1 100
100
491 12 93005 92011 1 1 100
100
492 12 93005 93004 1 1 100
100
493 12 93005 92010 1 1 100
100
494 12 93005 92009 1 1 100
100
495 12 95005 93002 1 1 100
100
496 12 95005 95004 1 1 100
100
497 12 97006 95003 1 1 100
100
498 12 97006 95004 1 1 100
100
499 12 97006 97005 1 1 100
100
500 12 93005 92008 1 1 100
100
501 13 70010 70009 1 1 100
100
502 13 72011 72009 1 1 100
100
503 13 72011 72010 1 1 100
100
504 13 72011 70005 1 1 100
100
505 13 72011 70006 1 1 100
100
506 13 72011 70007 1 1 100
100
507 13 73004 72009 1 1 100
100
508 13 73004 72008 1 1 100
100
509 13 73004 73003 1 1 100
100
510 13 73004 72007 1 1 100
100
511 13 75004 73002 1 1 100
100
512 13 75004 73001 1 1 100
100
513 13 75004 75003 1 1 100
100
514 13 77005 75003 1 1 100
100
515 13 77005 75002 1 1 100
100
516 13 77005 77004 1 1 100
100
517 13 90010 90009 1 1 100
100
518 13 92011 90006 1 1 100
100
519 13 92011 90007 1 1 100
100
520 13 92011 92010 1 1 100
100
521 13 93004 93003 1 1 100
100
522 13 93004 92007 1 1 100
100
523 13 93004 92008 1 1 100
100
524 13 93004 92009 1 1 100
100
525 13 95004 93002 1 1 100
100
526 13 95004 93001 1 1 100
100
527 13 95004 95003 1 1 100
100
528 13 97005 95002 1 1 100
100
529 13 97005 97004 1 1 100
100
530 13 97005 95003 1 1 100
100
531 13 92011 92009 1 1 100
100
532 13 92011 90005 1 1 100
100
533 14 70009 70008 1 1 100
100
534 14 72010 70004 1 1 100
100
535 14 72010 72009 1 1 100
100
536 14 72010 70005 1 1 100
100
537 14 72010 70006 1 1 100
100
538 14 73003 72005 1 1 100
100
539 14 73003 72006 1 1 100
100
540 14 73003 73002 1 1 100
100
541 14 73003 72007 1 1 100
100
542 14 77004 77003 1 1 100
100
543 14 77004 75003 1 1 100
100
544 14 77004 75002 1 1 100
100
545 14 90009 90008 1 1 100
100
546 14 92010 90004 1 1 100
100
547 14 92010 90005 1 1 100
100
548 14 92010 90006 1 1 100
100
549 14 92010 92009 1 1 100
100
550 14 93003 92005 1 1 100
100
551 14 93003 93002 1 1 100
100
552 14 93003 92006 1 1 100
100
553 14 93003 92007 1 1 100
100
554 14 97004 95002 1 1 100
100
555 14 97004 97003 1 1 100
100
556 14 97004 95003 1 1 100
100
557 15 70008 70007 1 1 100
100
558 15 72009 70003 1 1 100
100
559 15 72009 70004 1 1 100
100
560 15 72009 72008 1 1 100
100
561 15 72009 70005 1 1 100
100
562 15 73002 72003 1 1 100
100
563 15 73002 72004 1 1 100
100
564 15 73002 72005 1 1 100
100
565 15 73002 73001 1 1 100
100
566 15 75003 73001 1 1 100
100
567 15 75003 73000 1 1 100
100
568 15 75003 75002 1 1 100
100
569 15 77003 75001 1 1 100
100
570 15 77003 77002 1 1 100
100
571 15 77003 75002 1 1 100
100
572 15 90008 90007 1 1 100
100
573 15 92009 90004 1 1 100
100
574 15 92009 90005 1 1 100
100
575 15 92009 92008 1 1 100
100
576 15 92009 90003 1 1 100
100
577 15 93002 92003 1 1 100
100
578 15 93002 92004 1 1 100
100
579 15 93002 92005 1 1 100
100
580 15 93002 93001 1 1 100
100
581 15 95003 93000 1 1 100
100
582 15 95003 95002 1 1 100
100
583 15 95003 93001 1 1 100
100
584 15 97003 97002 1 1 100
100
585 15 97003 95002 1 1 100
100
586 15 97003 95001 1 1 100
100
587 16 70007 70006 1 1 100
100
588 16 72008 70002 1 1 100
100
589 16 72008 70003 1 1 100
100
590 16 72008 70004 1 1 100
100
591 16 72008 72007 1 1 100
100
592 16 73001 72003 1 1 100
100
593 16 73001 72004 1 1 100
100
594 16 73001 72001 1 1 100
100
595 16 73001 72002 1 1 100
100
596 16 73001 73000 1 1 100
100
597 16 75002 75001 1 1 100
100
598 16 75002 73000 1 1 100
100
599 16 77002 75001 1 1 100
100
600 16 77002 75000 1 1 100
100
601 16 77002 77001 1 1 100
100
602 16 90007 90006 1 1 100
100
603 16 92008 90004 1 1 100
100
604 16 92008 92007 1 1 100
100
605 16 92008 90003 1 1 100
100
606 16 92008 90002 1 1 100
100
607 16 93001 92002 1 1 100
100
608 16 93001 92003 1 1 100
100
609 16 93001 92004 1 1 100
100
610 16 93001 93000 1 1 100
100
611 16 95002 93000 1 1 100
100
612 16 95002 95001 1 1 100
100
613 16 97002 95000 1 1 100
100
614 16 97002 97001 1 1 100
100
615 16 97002 95001 1 1 100
100
616 16 93001 92001 1 1 100
100
617 17 70006 70005 1 1 100
100
618 17 72007 70002 1 1 100
100
619 17 72007 70003 1 1 100
100
620 17 72007 70001 1 1 100
100
621 17 72007 72006 1 1 100
100
622 17 75001 82000 1 1 100
100
623 17 75001 75000 1 1 100
100
624 17 75001 73000 1 1 100
100
625 17 77001 83000 1 1 100
100
626 17 77001 75000 1 1 100
100
627 17 77001 77000 1 1 100
100
628 17 90006 90005 1 1 100
100
629 17 92007 92006 1 1 100
100
630 17 92007 90003 1 1 100
100
631 17 92007 90001 1 1 100
100
632 17 92007 90002 1 1 100
100
633 17 95001 82000 1 1 100
100
634 17 95001 95000 1 1 100
100
635 17 95001 93000 1 1 100
100
636 17 97001 83000 1 1 100
100
637 17 97001 95000 1 1 100
100
638 17 97001 97000 1 1 100
100
639 18 70005 70004 1 1 100
100
640 18 72006 70002 1 1 100
100
641 18 72006 70000 1 1 100
100
642 18 72006 70001 1 1 100
100
643 18 72006 72005 1 1 100
100
644 18 73000 82000 1 1 100
100
645 18 73000 72000 1 1 100
100
646 18 73000 72001 1 1 100
100
647 18 73000 72002 1 1 100
100
648 18 75000 82000 1 1 100
100
649 18 75000 83000 1 1 100
100
650 18 77000 83000 1 1 100
100
651 18 77000 84000 1 1 100
100
652 18 90005 90004 1 1 100
100
653 18 92006 92005 1 1 100
100
654 18 92006 90000 1 1 100
100
655 18 92006 90001 1 1 100
100
656 18 92006 90002 1 1 100
100
657 18 93000 82000 1 1 100
100
658 18 93000 92001 1 1 100
100
659 18 93000 92002 1 1 100
100
660 18 93000 92000 1 1 100
100
661 18 95000 82000 1 1 100
100
662 18 95000 83000 1 1 100
100
663 18 97000 83000 1 1 100
100
664 18 97000 84000 1 1 100
100
665 19 70004 70003 1 1 100
100
666 19 72005 70000 1 1 100
100
667 19 72005 70001 1 1 100
100
668 19 72005 72004 1 1 100
100
669 19 84000 82000 1 1 100
100
670 19 84000 83000 1 1 100
100
671 19 90004 90003 1 1 100
100
672 19 92005 92004 1 1 100
100
673 19 92005 90000 1 1 100
100
674 19 92005 90001 1 1 100
100
675 20 70003 70002 1 1 100
100
676 20 72004 80000 1 1 100
100
677 20 72004 70000 1 1 100
100
678 20 72004 72003 1 1 100
100
679 20 83000 81000 1 1 100
100
680 20 83000 82000 1 1 100
100
681 20 90003 90002 1 1 100
100
682 20 92004 80000 1 1 100
100
683 20 92004 92003 1 1 100
100
684 20 92004 90000 1 1 100
100
685 21 70002 70001 1 1 100
100
686 21 72003 80000 1 1 100
100
687 21 72003 72002 1 1 100
100
688 21 82000 81000 1 1 100
100
689 21 82000 72000 1 1 100
100
690 21 82000 92000 1 1 100
100
691 21 82000 72001 1 1 100
100
692 21 90002 90001 1 1 100
100
693 21 92003 80000 1 1 100
100
694 21 92003 92002 1 1 100
100
695 21 82000 92001 1 1 100
100
696 22 70001 70000 1 1 100
100
697 22 72002 80000 1 1 100
100
698 22 72002 72001 1 1 100
100
699 22 90001 90000 1 1 100
100
700 22 92002 80000 1 1 100
100
701 22 92002 92001 1 1 100
100
702 23 70000 80000 1 1 100
100
703 23 72001 80000 1 1 100
100
704 23 72001 72000 1 1 100
100
705 23 90000 80000 1 1 100
100
706 23 92001 80000 1 1 100
100
707 23 92001 92000 1 1 100
100
708 24 72000 80000 1 1 100
100
709 24 72000 81000 1 1 100
100
710 24 92000 80000 1 1 100
100
711 24 92000 81000 1 1 100
100
712 25 81000 80000 1 1 100
100
