761 0.2
0 1 12005 12002 1 1 100
100
1 1 12005 12003 1 1 100
100
2 1 12005 12004 1 1 100
100
3 1 13003 13001 1 1 100
100
4 1 13003 13002 1 1 100
100
5 1 14005 14002 1 1 100
100
6 1 14005 14003 1 1 100
100
7 1 14005 14004 1 1 100
100
8 2 12004 12000 1 1 100
100
9 2 12004 12001 1 1 100
100
10 2 12004 12002 1 1 100
100
11 2 12004 12003 1 1 100
100
12 2 14004 14001 1 1 100
100
13 2 14004 14002 1 1 100
100
14 2 14004 14003 1 1 100
100
15 2 14004 98004 1 1 100
100
16 3 12003 12000 1 1 100
100
17 3 12003 12001 1 1 100
100
18 3 12003 12002 1 1 100
100
19 3 12003 75007 1 1 100
100
20 3 12003 76000 1 1 100
100
21 3 12003 78002 1 1 100
100
22 3 12003 78001 1 1 100
100
23 3 12003 76001 1 1 100
100
24 3 12003 78003 1 1 100
100
25 3 12003 78004 1 1 100
100
26 3 14003 98001 1 1 100
100
27 3 14003 14001 1 1 100
100
28 3 14003 14002 1 1 100
100
29 3 14003 14000 1 1 100
100
30 3 14003 98004 1 1 100
100
31 3 14003 98002 1 1 100
100
32 3 14003 98003 1 1 100
100
33 3 14003 98000 1 1 100
100
34 3 14003 97007 1 1 100
100
35 3 14003 96001 1 1 100
100
36 4 12002 12000 1 1 100
100
37 4 12002 12001 1 1 100
100
38 4 12002 72008 1 1 100
100
39 4 12002 75007 1 1 100
100
40 4 12002 76000 1 1 100
100
41 4 12002 78002 1 1 100
100
42 4 12002 73002 1 1 100
100
43 4 12002 75004 1 1 100
100
44 4 12002 77007 1 1 100
100
45 4 12002 73003 1 1 100
100
46 4 12002 78001 1 1 100
100
47 4 12002 78000 1 1 100
100
48 4 12002 76001 1 1 100
100
49 4 12002 78003 1 1 100
100
50 4 12002 73004 1 1 100
100
51 4 14002 93003 1 1 100
100
52 4 14002 93004 1 1 100
100
53 4 14002 95007 1 1 100
100
54 4 14002 96000 1 1 100
100
55 4 14002 98001 1 1 100
100
56 4 14002 14001 1 1 100
100
57 4 14002 14000 1 1 100
100
58 4 14002 97005 1 1 100
100
59 4 14002 97006 1 1 100
100
60 4 14002 97004 1 1 100
100
61 4 14002 92007 1 1 100
100
62 4 14002 98002 1 1 100
100
63 4 14002 98003 1 1 100
100
64 4 14002 95006 1 1 100
100
65 4 14002 98000 1 1 100
100
66 4 14002 93002 1 1 100
100
67 4 14002 97007 1 1 100
100
68 4 14002 97008 1 1 100
100
69 4 14002 95004 1 1 100
100
70 4 14002 92008 1 1 100
100
71 4 14002 96001 1 1 100
100
72 4 14002 92009 1 1 100
100
73 4 14002 92010 1 1 100
100
74 4 78004 78003 1 1 100
100
75 4 78004 76002 1 1 100
100
76 4 98004 96002 1 1 100
100
77 4 98004 98003 1 1 100
100
78 5 12001 73001 1 1 100
100
79 5 12001 77006 1 1 100
100
80 5 12001 13000 1 1 100
100
81 5 12001 12000 1 1 100
100
82 5 12001 13001 1 1 100
100
83 5 12001 75002 1 1 100
100
84 5 12001 77004 1 1 100
100
85 5 12001 73000 1 1 100
100
86 5 12001 75007 1 1 100
100
87 5 12001 76000 1 1 100
100
88 5 12001 78002 1 1 100
100
89 5 12001 73002 1 1 100
100
90 5 12001 75004 1 1 100
100
91 5 12001 75005 1 1 100
100
92 5 12001 77007 1 1 100
100
93 5 12001 75006 1 1 100
100
94 5 12001 77008 1 1 100
100
95 5 12001 73003 1 1 100
100
96 5 12001 78001 1 1 100
100
97 5 12001 78000 1 1 100
100
98 5 14001 13000 1 1 100
100
99 5 14001 13001 1 1 100
100
100 5 14001 93003 1 1 100
100
101 5 14001 93004 1 1 100
100
102 5 14001 95007 1 1 100
100
103 5 14001 98001 1 1 100
100
104 5 14001 14000 1 1 100
100
105 5 14001 95003 1 1 100
100
106 5 14001 97005 1 1 100
100
107 5 14001 97006 1 1 100
100
108 5 14001 97004 1 1 100
100
109 5 14001 92006 1 1 100
100
110 5 14001 98002 1 1 100
100
111 5 14001 95006 1 1 100
100
112 5 14001 98000 1 1 100
100
113 5 14001 93002 1 1 100
100
114 5 14001 97007 1 1 100
100
115 5 14001 97008 1 1 100
100
116 5 14001 92002 1 1 100
100
117 5 14001 95004 1 1 100
100
118 5 14001 92008 1 1 100
100
119 5 14001 92010 1 1 100
100
120 5 78003 76000 1 1 100
100
121 5 78003 78002 1 1 100
100
122 5 78003 76001 1 1 100
100
123 5 78003 73004 1 1 100
100
124 5 78003 76002 1 1 100
100
125 5 98003 96000 1 1 100
100
126 5 98003 96002 1 1 100
100
127 5 98003 98002 1 1 100
100
128 5 98003 93005 1 1 100
100
129 5 98003 96001 1 1 100
100
130 5 98003 94000 1 1 100
100
131 6 12000 73001 1 1 100
100
132 6 12000 75003 1 1 100
100
133 6 12000 77005 1 1 100
100
134 6 12000 77006 1 1 100
100
135 6 12000 13000 1 1 100
100
136 6 12000 13001 1 1 100
100
137 6 12000 13002 1 1 100
100
138 6 12000 75002 1 1 100
100
139 6 12000 77004 1 1 100
100
140 6 12000 77002 1 1 100
100
141 6 12000 73000 1 1 100
100
142 6 12000 75007 1 1 100
100
143 6 12000 72003 1 1 100
100
144 6 12000 73002 1 1 100
100
145 6 12000 75004 1 1 100
100
146 6 12000 75005 1 1 100
100
147 6 12000 77007 1 1 100
100
148 6 12000 75006 1 1 100
100
149 6 12000 77008 1 1 100
100
150 6 12000 73003 1 1 100
100
151 6 12000 78001 1 1 100
100
152 6 12000 72001 1 1 100
100
153 6 12000 75001 1 1 100
100
154 6 12000 77003 1 1 100
100
155 6 12000 78000 1 1 100
100
156 6 12000 72006 1 1 100
100
157 6 14000 13000 1 1 100
100
158 6 14000 13001 1 1 100
100
159 6 14000 13002 1 1 100
100
160 6 14000 93003 1 1 100
100
161 6 14000 93004 1 1 100
100
162 6 14000 95007 1 1 100
100
163 6 14000 98001 1 1 100
100
164 6 14000 97002 1 1 100
100
165 6 14000 92000 1 1 100
100
166 6 14000 92001 1 1 100
100
167 6 14000 95003 1 1 100
100
168 6 14000 97005 1 1 100
100
169 6 14000 97006 1 1 100
100
170 6 14000 95002 1 1 100
100
171 6 14000 97004 1 1 100
100
172 6 14000 95006 1 1 100
100
173 6 14000 98000 1 1 100
100
174 6 14000 92004 1 1 100
100
175 6 14000 93002 1 1 100
100
176 6 14000 95005 1 1 100
100
177 6 14000 97007 1 1 100
100
178 6 14000 97008 1 1 100
100
179 6 14000 92002 1 1 100
100
180 6 14000 93001 1 1 100
100
181 6 14000 95004 1 1 100
100
182 6 14000 97003 1 1 100
100
183 6 14000 92008 1 1 100
100
184 6 14000 92009 1 1 100
100
185 6 76002 74000 1 1 100
100
186 6 76002 76001 1 1 100
100
187 6 78002 75007 1 1 100
100
188 6 78002 76000 1 1 100
100
189 6 78002 78001 1 1 100
100
190 6 78002 73005 1 1 100
100
191 6 78002 76001 1 1 100
100
192 6 78002 73004 1 1 100
100
193 6 96002 93005 1 1 100
100
194 6 96002 96001 1 1 100
100
195 6 96002 94000 1 1 100
100
196 6 96002 94001 1 1 100
100
197 6 98002 93003 1 1 100
100
198 6 98002 93004 1 1 100
100
199 6 98002 95007 1 1 100
100
200 6 98002 96000 1 1 100
100
201 6 98002 98001 1 1 100
100
202 6 98002 96001 1 1 100
100
203 7 13002 13000 1 1 100
100
204 7 13002 13001 1 1 100
100
205 7 13002 97002 1 1 100
100
206 7 13002 77001 1 1 100
100
207 7 76001 72007 1 1 100
100
208 7 76001 76000 1 1 100
100
209 7 76001 73005 1 1 100
100
210 7 76001 74000 1 1 100
100
211 7 76001 73004 1 1 100
100
212 7 76001 72006 1 1 100
100
213 7 78001 75007 1 1 100
100
214 7 78001 76000 1 1 100
100
215 7 78001 72004 1 1 100
100
216 7 78001 75006 1 1 100
100
217 7 78001 73003 1 1 100
100
218 7 78001 72005 1 1 100
100
219 7 78001 78000 1 1 100
100
220 7 78001 73004 1 1 100
100
221 7 94001 94000 1 1 100
100
222 7 96001 93004 1 1 100
100
223 7 96001 96000 1 1 100
100
224 7 96001 92006 1 1 100
100
225 7 96001 93005 1 1 100
100
226 7 96001 92010 1 1 100
100
227 7 96001 94000 1 1 100
100
228 7 98001 93003 1 1 100
100
229 7 98001 93004 1 1 100
100
230 7 98001 95007 1 1 100
100
231 7 98001 96000 1 1 100
100
232 7 98001 95006 1 1 100
100
233 7 98001 98000 1 1 100
100
234 7 98001 92005 1 1 100
100
235 7 98001 92003 1 1 100
100
236 7 98001 92010 1 1 100
100
237 8 13001 75003 1 1 100
100
238 8 13001 77005 1 1 100
100
239 8 13001 13000 1 1 100
100
240 8 13001 82000 1 1 100
100
241 8 13001 83000 1 1 100
100
242 8 13001 84000 1 1 100
100
243 8 13001 97002 1 1 100
100
244 8 13001 97000 1 1 100
100
245 8 13001 95003 1 1 100
100
246 8 13001 97005 1 1 100
100
247 8 13001 97006 1 1 100
100
248 8 13001 95002 1 1 100
100
249 8 13001 97004 1 1 100
100
250 8 13001 75002 1 1 100
100
251 8 13001 77004 1 1 100
100
252 8 13001 75000 1 1 100
100
253 8 13001 77002 1 1 100
100
254 8 13001 77000 1 1 100
100
255 8 13001 77001 1 1 100
100
256 8 13001 73000 1 1 100
100
257 8 13001 75005 1 1 100
100
258 8 13001 97001 1 1 100
100
259 8 13001 75001 1 1 100
100
260 8 13001 77003 1 1 100
100
261 8 13001 93001 1 1 100
100
262 8 13001 95001 1 1 100
100
263 8 13001 97003 1 1 100
100
264 8 74000 73005 1 1 100
100
265 8 76000 72007 1 1 100
100
266 8 76000 72008 1 1 100
100
267 8 76000 75007 1 1 100
100
268 8 76000 72004 1 1 100
100
269 8 76000 73003 1 1 100
100
270 8 76000 72005 1 1 100
100
271 8 76000 73005 1 1 100
100
272 8 76000 73004 1 1 100
100
273 8 76000 72006 1 1 100
100
274 8 76000 72010 1 1 100
100
275 8 76000 72009 1 1 100
100
276 8 78000 72007 1 1 100
100
277 8 78000 75007 1 1 100
100
278 8 78000 73002 1 1 100
100
279 8 78000 75005 1 1 100
100
280 8 78000 75006 1 1 100
100
281 8 78000 77008 1 1 100
100
282 8 78000 73003 1 1 100
100
283 8 78000 73004 1 1 100
100
284 8 94000 92011 1 1 100
100
285 8 94000 93005 1 1 100
100
286 8 96000 93003 1 1 100
100
287 8 96000 93004 1 1 100
100
288 8 96000 95007 1 1 100
100
289 8 96000 92006 1 1 100
100
290 8 96000 92007 1 1 100
100
291 8 96000 93005 1 1 100
100
292 8 96000 92008 1 1 100
100
293 8 96000 92009 1 1 100
100
294 8 96000 92010 1 1 100
100
295 8 96000 90006 1 1 100
100
296 9 13000 73001 1 1 100
100
297 9 13000 75003 1 1 100
100
298 9 13000 77005 1 1 100
100
299 9 13000 77006 1 1 100
100
300 9 13000 82000 1 1 100
100
301 9 13000 83000 1 1 100
100
302 9 13000 84000 1 1 100
100
303 9 13000 81000 1 1 100
100
304 9 13000 93003 1 1 100
100
305 9 13000 80000 1 1 100
100
306 9 13000 95000 1 1 100
100
307 9 13000 97002 1 1 100
100
308 9 13000 97000 1 1 100
100
309 9 13000 93000 1 1 100
100
310 9 13000 95003 1 1 100
100
311 9 13000 97005 1 1 100
100
312 9 13000 97006 1 1 100
100
313 9 13000 95002 1 1 100
100
314 9 13000 97004 1 1 100
100
315 9 13000 75002 1 1 100
100
316 9 13000 77004 1 1 100
100
317 9 13000 75000 1 1 100
100
318 9 13000 77002 1 1 100
100
319 9 13000 77000 1 1 100
100
320 9 13000 77001 1 1 100
100
321 9 13000 73000 1 1 100
100
322 9 13000 72007 1 1 100
100
323 9 13000 72008 1 1 100
100
324 9 13000 72002 1 1 100
100
325 9 13000 72003 1 1 100
100
326 9 13000 72004 1 1 100
100
327 9 13000 73002 1 1 100
100
328 9 13000 75004 1 1 100
100
329 9 13000 75005 1 1 100
100
330 9 13000 77007 1 1 100
100
331 9 13000 97001 1 1 100
100
332 9 13000 75006 1 1 100
100
333 9 13000 77008 1 1 100
100
334 9 13000 73003 1 1 100
100
335 9 13000 72000 1 1 100
100
336 9 13000 72001 1 1 100
100
337 9 13000 75001 1 1 100
100
338 9 13000 77003 1 1 100
100
339 9 13000 72005 1 1 100
100
340 9 13000 73004 1 1 100
100
341 9 13000 98000 1 1 100
100
342 9 13000 92005 1 1 100
100
343 9 13000 92004 1 1 100
100
344 9 13000 92003 1 1 100
100
345 9 13000 93002 1 1 100
100
346 9 13000 95005 1 1 100
100
347 9 13000 97007 1 1 100
100
348 9 13000 97008 1 1 100
100
349 9 13000 93001 1 1 100
100
350 9 13000 95004 1 1 100
100
351 9 13000 95001 1 1 100
100
352 9 13000 97003 1 1 100
100
353 9 13000 90002 1 1 100
100
354 9 13000 72009 1 1 100
100
355 9 73005 72008 1 1 100
100
356 9 73005 73004 1 1 100
100
357 9 73005 72010 1 1 100
100
358 9 73005 72009 1 1 100
100
359 9 73005 70007 1 1 100
100
360 9 73005 72011 1 1 100
100
361 9 75007 72007 1 1 100
100
362 9 75007 72008 1 1 100
100
363 9 75007 72003 1 1 100
100
364 9 75007 72004 1 1 100
100
365 9 75007 75006 1 1 100
100
366 9 75007 73003 1 1 100
100
367 9 75007 72005 1 1 100
100
368 9 75007 73004 1 1 100
100
369 9 75007 72006 1 1 100
100
370 9 93005 93004 1 1 100
100
371 9 93005 92011 1 1 100
100
372 9 93005 92012 1 1 100
100
373 9 93005 92009 1 1 100
100
374 9 93005 92010 1 1 100
100
375 10 72011 72010 1 1 100
100
376 10 73004 72007 1 1 100
100
377 10 73004 72008 1 1 100
100
378 10 73004 73003 1 1 100
100
379 10 73004 72005 1 1 100
100
380 10 73004 72006 1 1 100
100
381 10 73004 72010 1 1 100
100
382 10 73004 72009 1 1 100
100
383 10 77008 72004 1 1 100
100
384 10 77008 73002 1 1 100
100
385 10 77008 75005 1 1 100
100
386 10 77008 77007 1 1 100
100
387 10 77008 75006 1 1 100
100
388 10 77008 73003 1 1 100
100
389 10 77008 72005 1 1 100
100
390 10 92012 92011 1 1 100
100
391 10 98000 93003 1 1 100
100
392 10 98000 93004 1 1 100
100
393 10 98000 95007 1 1 100
100
394 10 98000 95006 1 1 100
100
395 10 98000 97008 1 1 100
100
396 11 72010 72009 1 1 100
100
397 11 75006 72008 1 1 100
100
398 11 75006 72003 1 1 100
100
399 11 75006 72004 1 1 100
100
400 11 75006 73002 1 1 100
100
401 11 75006 75005 1 1 100
100
402 11 75006 73003 1 1 100
100
403 11 75006 72001 1 1 100
100
404 11 75006 72005 1 1 100
100
405 11 75006 72006 1 1 100
100
406 11 77007 73001 1 1 100
100
407 11 77007 77006 1 1 100
100
408 11 77007 72004 1 1 100
100
409 11 77007 73002 1 1 100
100
410 11 77007 75004 1 1 100
100
411 11 77007 75005 1 1 100
100
412 11 77007 73003 1 1 100
100
413 11 92011 92010 1 1 100
100
414 11 95007 93003 1 1 100
100
415 11 95007 93004 1 1 100
100
416 11 95007 92006 1 1 100
100
417 11 95007 92007 1 1 100
100
418 11 95007 95006 1 1 100
100
419 11 95007 92005 1 1 100
100
420 11 95007 92004 1 1 100
100
421 11 95007 92002 1 1 100
100
422 11 95007 92008 1 1 100
100
423 11 95007 92009 1 1 100
100
424 11 97008 93003 1 1 100
100
425 11 97008 95006 1 1 100
100
426 11 97008 93002 1 1 100
100
427 11 97008 95005 1 1 100
100
428 11 97008 97007 1 1 100
100
429 11 97008 92002 1 1 100
100
430 12 72009 72008 1 1 100
100
431 12 72009 70006 1 1 100
100
432 12 72009 70008 1 1 100
100
433 12 75005 73001 1 1 100
100
434 12 75005 72002 1 1 100
100
435 12 75005 72003 1 1 100
100
436 12 75005 72004 1 1 100
100
437 12 75005 73002 1 1 100
100
438 12 75005 75004 1 1 100
100
439 12 75005 73003 1 1 100
100
440 12 75005 72005 1 1 100
100
441 12 75005 72006 1 1 100
100
442 12 77006 73001 1 1 100
100
443 12 77006 75003 1 1 100
100
444 12 77006 77005 1 1 100
100
445 12 77006 73000 1 1 100
100
446 12 77006 72002 1 1 100
100
447 12 77006 75004 1 1 100
100
448 12 92010 92009 1 1 100
100
449 12 92010 90008 1 1 100
100
450 12 93004 93003 1 1 100
100
451 12 93004 92006 1 1 100
100
452 12 93004 92007 1 1 100
100
453 12 93004 92005 1 1 100
100
454 12 93004 92008 1 1 100
100
455 12 93004 92009 1 1 100
100
456 12 95006 93003 1 1 100
100
457 12 95006 92006 1 1 100
100
458 12 95006 92005 1 1 100
100
459 12 95006 92004 1 1 100
100
460 12 95006 92003 1 1 100
100
461 12 95006 93002 1 1 100
100
462 12 95006 95005 1 1 100
100
463 12 95006 92008 1 1 100
100
464 12 97007 97006 1 1 100
100
465 12 97007 93002 1 1 100
100
466 12 97007 95005 1 1 100
100
467 12 97007 93001 1 1 100
100
468 12 97007 95004 1 1 100
100
469 13 73003 72007 1 1 100
100
470 13 73003 72008 1 1 100
100
471 13 73003 72003 1 1 100
100
472 13 73003 72004 1 1 100
100
473 13 73003 73002 1 1 100
100
474 13 73003 72001 1 1 100
100
475 13 73003 72005 1 1 100
100
476 13 73003 72006 1 1 100
100
477 13 77005 73001 1 1 100
100
478 13 77005 75003 1 1 100
100
479 13 77005 75002 1 1 100
100
480 13 77005 77004 1 1 100
100
481 13 77005 73000 1 1 100
100
482 13 77005 73002 1 1 100
100
483 13 77005 75004 1 1 100
100
484 13 77005 72005 1 1 100
100
485 13 92009 92008 1 1 100
100
486 13 92009 90006 1 1 100
100
487 13 92009 90007 1 1 100
100
488 13 95005 93003 1 1 100
100
489 13 95005 93000 1 1 100
100
490 13 95005 92006 1 1 100
100
491 13 95005 92007 1 1 100
100
492 13 95005 92005 1 1 100
100
493 13 95005 92003 1 1 100
100
494 13 95005 93002 1 1 100
100
495 13 95005 95004 1 1 100
100
496 13 97006 93003 1 1 100
100
497 13 97006 93000 1 1 100
100
498 13 97006 95003 1 1 100
100
499 13 97006 97005 1 1 100
100
500 13 97006 92007 1 1 100
100
501 13 97006 92004 1 1 100
100
502 13 97006 92003 1 1 100
100
503 13 97006 92002 1 1 100
100
504 13 97006 93001 1 1 100
100
505 13 97006 95004 1 1 100
100
506 14 72008 72007 1 1 100
100
507 14 72008 70006 1 1 100
100
508 14 72008 70007 1 1 100
100
509 14 72008 70004 1 1 100
100
510 14 72008 70005 1 1 100
100
511 14 75004 73001 1 1 100
100
512 14 75004 75003 1 1 100
100
513 14 75004 72007 1 1 100
100
514 14 75004 72002 1 1 100
100
515 14 75004 72003 1 1 100
100
516 14 75004 72004 1 1 100
100
517 14 75004 73002 1 1 100
100
518 14 75004 72000 1 1 100
100
519 14 75004 72005 1 1 100
100
520 14 75004 70007 1 1 100
100
521 14 77004 73001 1 1 100
100
522 14 77004 75003 1 1 100
100
523 14 77004 75002 1 1 100
100
524 14 77004 73000 1 1 100
100
525 14 77004 72001 1 1 100
100
526 14 77004 75001 1 1 100
100
527 14 77004 77003 1 1 100
100
528 14 93003 92006 1 1 100
100
529 14 93003 92007 1 1 100
100
530 14 93003 92005 1 1 100
100
531 14 93003 92004 1 1 100
100
532 14 93003 92003 1 1 100
100
533 14 93003 93002 1 1 100
100
534 14 93003 92008 1 1 100
100
535 14 93003 90004 1 1 100
100
536 14 97005 93000 1 1 100
100
537 14 97005 95003 1 1 100
100
538 14 97005 95002 1 1 100
100
539 14 97005 97004 1 1 100
100
540 14 97005 93002 1 1 100
100
541 14 97005 93001 1 1 100
100
542 14 97005 95004 1 1 100
100
543 15 70005 70004 1 1 100
100
544 15 72007 72004 1 1 100
100
545 15 72007 72005 1 1 100
100
546 15 72007 72006 1 1 100
100
547 15 72007 70002 1 1 100
100
548 15 72007 70003 1 1 100
100
549 15 73002 73001 1 1 100
100
550 15 73002 72002 1 1 100
100
551 15 73002 72003 1 1 100
100
552 15 73002 72004 1 1 100
100
553 15 73002 72001 1 1 100
100
554 15 73002 72005 1 1 100
100
555 15 73002 72006 1 1 100
100
556 15 75003 73001 1 1 100
100
557 15 75003 75002 1 1 100
100
558 15 75003 73000 1 1 100
100
559 15 75003 72002 1 1 100
100
560 15 75003 72000 1 1 100
100
561 15 75003 72001 1 1 100
100
562 15 75003 72005 1 1 100
100
563 15 77003 75002 1 1 100
100
564 15 77003 75000 1 1 100
100
565 15 77003 77002 1 1 100
100
566 15 77003 75001 1 1 100
100
567 15 92008 92007 1 1 100
100
568 15 92008 90004 1 1 100
100
569 15 92008 90006 1 1 100
100
570 15 95004 92000 1 1 100
100
571 15 95004 92001 1 1 100
100
572 15 95004 95003 1 1 100
100
573 15 95004 92004 1 1 100
100
574 15 95004 92003 1 1 100
100
575 15 95004 93002 1 1 100
100
576 15 95004 92002 1 1 100
100
577 15 95004 93001 1 1 100
100
578 15 97004 92000 1 1 100
100
579 15 97004 93000 1 1 100
100
580 15 97004 95003 1 1 100
100
581 15 97004 95002 1 1 100
100
582 15 97004 97003 1 1 100
100
583 16 72006 72005 1 1 100
100
584 16 72006 70001 1 1 100
100
585 16 72006 70002 1 1 100
100
586 16 72006 70003 1 1 100
100
587 16 72006 70004 1 1 100
100
588 16 75002 73001 1 1 100
100
589 16 75002 73000 1 1 100
100
590 16 75002 72002 1 1 100
100
591 16 75002 72003 1 1 100
100
592 16 75002 72000 1 1 100
100
593 16 75002 75001 1 1 100
100
594 16 77002 75000 1 1 100
100
595 16 77002 77001 1 1 100
100
596 16 77002 75001 1 1 100
100
597 16 92007 92006 1 1 100
100
598 16 92007 92005 1 1 100
100
599 16 92007 90000 1 1 100
100
600 16 92007 90003 1 1 100
100
601 16 92007 90004 1 1 100
100
602 16 92007 90005 1 1 100
100
603 16 93002 92000 1 1 100
100
604 16 93002 92001 1 1 100
100
605 16 93002 92006 1 1 100
100
606 16 93002 92005 1 1 100
100
607 16 93002 92004 1 1 100
100
608 16 93002 92003 1 1 100
100
609 16 93002 92002 1 1 100
100
610 16 93002 93001 1 1 100
100
611 16 95003 92000 1 1 100
100
612 16 95003 93000 1 1 100
100
613 16 95003 95002 1 1 100
100
614 16 95003 92005 1 1 100
100
615 16 95003 92002 1 1 100
100
616 16 95003 93001 1 1 100
100
617 16 97003 95000 1 1 100
100
618 16 97003 97002 1 1 100
100
619 16 97003 93000 1 1 100
100
620 16 97003 95002 1 1 100
100
621 16 97003 95001 1 1 100
100
622 17 73001 73000 1 1 100
100
623 17 73001 72002 1 1 100
100
624 17 73001 72003 1 1 100
100
625 17 73001 72004 1 1 100
100
626 17 73001 72000 1 1 100
100
627 17 73001 72001 1 1 100
100
628 17 73001 72005 1 1 100
100
629 17 75001 82000 1 1 100
100
630 17 75001 75000 1 1 100
100
631 17 75001 73000 1 1 100
100
632 17 75001 72000 1 1 100
100
633 17 75001 72001 1 1 100
100
634 17 77001 83000 1 1 100
100
635 17 77001 75000 1 1 100
100
636 17 77001 77000 1 1 100
100
637 17 92006 92005 1 1 100
100
638 17 92006 90000 1 1 100
100
639 17 92006 90001 1 1 100
100
640 17 92006 90002 1 1 100
100
641 17 92006 90003 1 1 100
100
642 17 92006 90004 1 1 100
100
643 17 95002 92000 1 1 100
100
644 17 95002 92001 1 1 100
100
645 17 95002 93000 1 1 100
100
646 17 95002 92003 1 1 100
100
647 17 95002 93001 1 1 100
100
648 17 95002 95001 1 1 100
100
649 17 97002 95000 1 1 100
100
650 17 97002 97001 1 1 100
100
651 17 97002 95001 1 1 100
100
652 18 72005 72003 1 1 100
100
653 18 72005 72004 1 1 100
100
654 18 72005 70000 1 1 100
100
655 18 72005 70001 1 1 100
100
656 18 72005 70002 1 1 100
100
657 18 72005 70004 1 1 100
100
658 18 77000 83000 1 1 100
100
659 18 77000 84000 1 1 100
100
660 18 77000 75000 1 1 100
100
661 18 93001 92000 1 1 100
100
662 18 93001 92001 1 1 100
100
663 18 93001 93000 1 1 100
100
664 18 93001 92005 1 1 100
100
665 18 93001 92004 1 1 100
100
666 18 93001 92003 1 1 100
100
667 18 93001 92002 1 1 100
100
668 18 95001 82000 1 1 100
100
669 18 95001 95000 1 1 100
100
670 18 95001 92000 1 1 100
100
671 18 95001 93000 1 1 100
100
672 18 97001 83000 1 1 100
100
673 18 97001 95000 1 1 100
100
674 18 97001 97000 1 1 100
100
675 19 70004 70003 1 1 100
100
676 19 72004 72003 1 1 100
100
677 19 72004 70000 1 1 100
100
678 19 72004 70001 1 1 100
100
679 19 72004 70002 1 1 100
100
680 19 75000 82000 1 1 100
100
681 19 75000 83000 1 1 100
100
682 19 75000 73000 1 1 100
100
683 19 75000 72000 1 1 100
100
684 19 75000 72001 1 1 100
100
685 19 92005 90000 1 1 100
100
686 19 92005 92004 1 1 100
100
687 19 92005 92003 1 1 100
100
688 19 92005 90001 1 1 100
100
689 19 92005 90002 1 1 100
100
690 19 92005 90003 1 1 100
100
691 19 92005 90004 1 1 100
100
692 19 93000 82000 1 1 100
100
693 19 93000 92000 1 1 100
100
694 19 93000 92001 1 1 100
100
695 19 93000 92003 1 1 100
100
696 19 93000 92002 1 1 100
100
697 19 97000 83000 1 1 100
100
698 19 97000 84000 1 1 100
100
699 19 97000 95000 1 1 100
100
700 20 70003 70002 1 1 100
100
701 20 73000 82000 1 1 100
100
702 20 73000 72002 1 1 100
100
703 20 73000 72003 1 1 100
100
704 20 73000 72000 1 1 100
100
705 20 73000 72001 1 1 100
100
706 20 84000 82000 1 1 100
100
707 20 84000 83000 1 1 100
100
708 20 84000 81000 1 1 100
100
709 20 84000 80000 1 1 100
100
710 20 90004 90003 1 1 100
100
711 20 92004 90000 1 1 100
100
712 20 92004 92003 1 1 100
100
713 20 92004 92002 1 1 100
100
714 20 92004 90001 1 1 100
100
715 20 92004 90002 1 1 100
100
716 20 95000 82000 1 1 100
100
717 20 95000 83000 1 1 100
100
718 21 70002 70001 1 1 100
100
719 21 72003 80000 1 1 100
100
720 21 72003 72002 1 1 100
100
721 21 72003 72001 1 1 100
100
722 21 72003 70000 1 1 100
100
723 21 72003 70001 1 1 100
100
724 21 83000 82000 1 1 100
100
725 21 83000 81000 1 1 100
100
726 21 83000 80000 1 1 100
100
727 21 83000 72000 1 1 100
100
728 21 90003 90002 1 1 100
100
729 21 92003 80000 1 1 100
100
730 21 92003 90000 1 1 100
100
731 21 92003 92002 1 1 100
100
732 22 70001 70000 1 1 100
100
733 22 72002 80000 1 1 100
100
734 22 72002 72000 1 1 100
100
735 22 72002 72001 1 1 100
100
736 22 72002 70000 1 1 100
100
737 22 82000 81000 1 1 100
100
738 22 82000 80000 1 1 100
100
739 22 82000 92000 1 1 100
100
740 22 82000 92001 1 1 100
100
741 22 82000 72000 1 1 100
100
742 22 82000 72001 1 1 100
100
743 22 82000 92002 1 1 100
100
744 22 90002 90001 1 1 100
100
745 23 70000 80000 1 1 100
100
746 23 72001 80000 1 1 100
100
747 23 72001 72000 1 1 100
100
748 23 90001 90000 1 1 100
100
749 23 92002 80000 1 1 100
100
750 23 92002 92000 1 1 100
100
751 23 92002 92001 1 1 100
100
752 23 92002 90000 1 1 100
100
753 24 72000 81000 1 1 100
100
754 24 72000 80000 1 1 100
100
755 24 90000 80000 1 1 100
100
756 24 92001 80000 1 1 100
100
757 24 92001 92000 1 1 100
100
758 25 92000 81000 1 1 100
100
759 25 92000 80000 1 1 100
100
760 26 81000 80000 1 1 100
100
