33.0186 37.4979 -244.025 244.025 80000
96.1717 105.347 -245.05 245.05 81000
156.456 165.731 -374 374 82000
224.115 233.422 -374 374 83000
286.943 296.262 -374 374 84000
387.653 416.005 -1372.7 1372.7 13000
550.635 577.427 -1372.7 1372.7 13001
750.081 776.917 -1372.7 1372.7 13002
988.56 1013.75 -1372.7 1372.7 13003
34.6733 53.3457 -265 -261 70000
34.6733 53.3457 -293 -289 70001
34.6733 53.3457 -324 -320 70002
34.6733 53.3457 -359 -355 70003
34.6733 53.3457 -398 -394 70004
34.6733 53.3457 -439 -435 70005
34.6733 53.3457 -488 -484 70006
34.6733 53.3457 -545 -541 70007
34.6733 53.3457 -606 -602 70008
34.6733 53.3457 -677 -673 70009
34.6733 53.3457 -751 -747 70010
34.6733 53.3457 -837 -833 70011
34.6733 53.3457 -927 -923 70012
34.6733 53.3457 -1028 -1024 70013
34.6733 53.3457 -1144 -1140 70014
59.5457 78.5392 -1105 -1101 71000
59.5457 78.5392 -1231 -1227 71001
59.5457 78.5392 -1361 -1357 71002
59.5457 78.5392 -1505 -1501 71003
59.5457 78.5392 -1667 -1663 71004
59.5457 78.5392 -1848 -1844 71005
82.2951 121.74 -265 -261 72000
82.2951 121.74 -293 -289 72001
82.2951 121.74 -324 -320 72002
82.2951 121.74 -359 -355 72003
82.2951 121.74 -398 -394 72004
82.2951 121.74 -439 -435 72005
82.2951 121.74 -488 -484 72006
82.2951 121.74 -545 -541 72007
82.2951 121.74 -606 -602 72008
82.2951 121.74 -677 -673 72009
82.2951 121.74 -751 -747 72010
82.2951 121.74 -837 -833 72011
82.2951 121.74 -927 -923 72012
82.2951 121.74 -1028 -1024 72013
82.2951 121.74 -1144 -1140 72014
82.2951 121.74 -1274 -1270 72015
82.2951 121.74 -1405 -1401 72016
82.2951 121.74 -1555 -1551 72017
82.2951 121.74 -1723 -1719 72018
82.2951 121.74 -1911 -1907 72019
82.2951 121.74 -2122 -2118 72020
82.2951 121.74 -2359 -2355 72021
82.2951 121.74 -2623 -2619 72022
148.984 190.189 -415.854 -393.514 73000
148.984 190.189 -494.454 -472.114 73001
148.984 190.189 -592.054 -569.714 73002
148.984 190.189 -713.254 -690.914 73003
148.984 190.189 -863.554 -841.214 73004
148.984 190.189 -1050.25 -1027.91 73005
155.701 195.654 -1154 -1137 74000
155.701 195.654 -1257.5 -1240.5 74001
155.701 195.654 -1373.5 -1356.5 74002
155.701 195.654 -1500.5 -1483.5 74003
155.701 195.654 -1641.5 -1624.5 74004
155.701 195.654 -1797.5 -1780.5 74005
155.701 195.654 -1969.5 -1952.5 74006
155.701 195.654 -2159.5 -2142.5 74007
155.701 195.654 -2369.5 -2352.5 74008
155.701 195.654 -2601.5 -2584.5 74009
155.701 195.654 -2858.5 -2841.5 74010
216.593 255.028 -414.455 -386.521 75000
216.593 255.028 -472.555 -444.621 75001
216.593 255.028 -539.155 -511.221 75002
216.593 255.028 -615.555 -587.621 75003
216.593 255.028 -703.055 -675.121 75004
216.593 255.028 -803.355 -775.421 75005
216.593 255.028 -918.355 -890.421 75006
216.593 255.028 -1050.25 -1022.32 75007
215.416 255.48 -1154 -1137 76000
215.416 255.48 -1305.5 -1288.5 76001
215.416 255.48 -1481.5 -1464.5 76002
215.416 255.48 -1684.5 -1667.5 76003
215.416 255.48 -1918.5 -1901.5 76004
215.416 255.48 -2188.5 -2171.5 76005
215.416 255.48 -2499.5 -2482.5 76006
215.416 255.48 -2858.5 -2841.5 76007
279.358 316.683 -412.213 -382.523 77000
279.358 316.683 -464.913 -435.223 77001
279.358 316.683 -523.713 -494.023 77002
279.358 316.683 -589.313 -559.623 77003
279.358 316.683 -662.413 -632.723 77004
279.358 316.683 -744.113 -714.423 77005
279.358 316.683 -835.213 -805.523 77006
279.358 316.683 -936.813 -907.123 77007
279.358 316.683 -1050.21 -1020.52 77008
275.277 315.391 -1154 -1137 78000
275.277 315.391 -1285.5 -1268.5 78001
275.277 315.391 -1435.5 -1418.5 78002
275.277 315.391 -1605.5 -1588.5 78003
275.277 315.391 -1797.5 -1780.5 78004
275.277 315.391 -2015.5 -1998.5 78005
275.277 315.391 -2261.5 -2244.5 78006
275.277 315.391 -2541.5 -2524.5 78007
275.277 315.391 -2858.5 -2841.5 78008
386.387 968.966 -1523.47 -1500.03 12000
386.387 968.966 -1713.47 -1690.03 12001
386.387 968.966 -1963.47 -1940.03 12002
386.387 968.966 -2248.47 -2225.03 12003
386.387 968.966 -2543.47 -2520.03 12004
386.387 968.966 -2861.47 -2838.03 12005
34.6733 53.3457 261 265 90000
34.6733 53.3457 289 293 90001
34.6733 53.3457 320 324 90002
34.6733 53.3457 355 359 90003
34.6733 53.3457 394 398 90004
34.6733 53.3457 435 439 90005
34.6733 53.3457 484 488 90006
34.6733 53.3457 541 545 90007
34.6733 53.3457 602 606 90008
34.6733 53.3457 673 677 90009
34.6733 53.3457 747 751 90010
34.6733 53.3457 833 837 90011
34.6733 53.3457 923 927 90012
34.6733 53.3457 1024 1028 90013
34.6733 53.3457 1140 1144 90014
59.5457 78.5392 1101 1105 91000
59.5457 78.5392 1227 1231 91001
59.5457 78.5392 1357 1361 91002
59.5457 78.5392 1501 1505 91003
59.5457 78.5392 1663 1667 91004
59.5457 78.5392 1844 1848 91005
82.2951 121.74 261 265 92000
82.2951 121.74 289 293 92001
82.2951 121.74 320 324 92002
82.2951 121.74 355 359 92003
82.2951 121.74 394 398 92004
82.2951 121.74 435 439 92005
82.2951 121.74 484 488 92006
82.2951 121.74 541 545 92007
82.2951 121.74 602 606 92008
82.2951 121.74 673 677 92009
82.2951 121.74 747 751 92010
82.2951 121.74 833 837 92011
82.2951 121.74 923 927 92012
82.2951 121.74 1024 1028 92013
82.2951 121.74 1140 1144 92014
82.2951 121.74 1270 1274 92015
82.2951 121.74 1401 1405 92016
82.2951 121.74 1551 1555 92017
82.2951 121.74 1719 1723 92018
82.2951 121.74 1907 1911 92019
82.2951 121.74 2118 2122 92020
82.2951 121.74 2355 2359 92021
82.2951 121.74 2619 2623 92022
148.984 190.189 393.514 415.854 93000
148.984 190.189 472.114 494.454 93001
148.984 190.189 569.714 592.054 93002
148.984 190.189 690.914 713.254 93003
148.984 190.189 841.214 863.554 93004
148.984 190.189 1027.91 1050.25 93005
155.701 195.654 1137 1154 94000
155.701 195.654 1240.5 1257.5 94001
155.701 195.654 1356.5 1373.5 94002
155.701 195.654 1483.5 1500.5 94003
155.701 195.654 1624.5 1641.5 94004
155.701 195.654 1780.5 1797.5 94005
155.701 195.654 1952.5 1969.5 94006
155.701 195.654 2142.5 2159.5 94007
155.701 195.654 2352.5 2369.5 94008
155.701 195.654 2584.5 2601.5 94009
155.701 195.654 2841.5 2858.5 94010
216.593 255.028 386.521 414.455 95000
216.593 255.028 444.621 472.555 95001
216.593 255.028 511.221 539.155 95002
216.593 255.028 587.621 615.555 95003
216.593 255.028 675.121 703.055 95004
216.593 255.028 775.421 803.355 95005
216.593 255.028 890.421 918.355 95006
216.593 255.028 1022.32 1050.25 95007
215.416 255.48 1137 1154 96000
215.416 255.48 1288.5 1305.5 96001
215.416 255.48 1464.5 1481.5 96002
215.416 255.48 1667.5 1684.5 96003
215.416 255.48 1901.5 1918.5 96004
215.416 255.48 2171.5 2188.5 96005
215.416 255.48 2482.5 2499.5 96006
215.416 255.48 2841.5 2858.5 96007
279.358 316.683 382.523 412.213 97000
279.358 316.683 435.223 464.913 97001
279.358 316.683 494.023 523.713 97002
279.358 316.683 559.623 589.313 97003
279.358 316.683 632.723 662.413 97004
279.358 316.683 714.423 744.113 97005
279.358 316.683 805.523 835.213 97006
279.358 316.683 907.123 936.813 97007
279.358 316.683 1020.52 1050.21 97008
275.277 315.391 1137 1154 98000
275.277 315.391 1268.5 1285.5 98001
275.277 315.391 1418.5 1435.5 98002
275.277 315.391 1588.5 1605.5 98003
275.277 315.391 1780.5 1797.5 98004
275.277 315.391 1998.5 2015.5 98005
275.277 315.391 2244.5 2261.5 98006
275.277 315.391 2524.5 2541.5 98007
275.277 315.391 2841.5 2858.5 98008
386.387 968.966 1500.03 1523.47 14000
386.387 968.966 1690.03 1713.47 14001
386.387 968.966 1940.03 1963.47 14002
386.387 968.966 2225.03 2248.47 14003
386.387 968.966 2520.03 2543.47 14004
386.387 968.966 2838.03 2861.47 14005
