# UTC start time    FSA0   FSA1   FSA2   FSA3   NSA0   NSA1   NSA2   NSA3   FSC0   FSC1   FSC2   FSC3   NSC0   NSC1   NSC2   NSC3
2022-01-01T00:06:16 0.4100 0.4100 0.4300 0.3800 0.4300 0.4300 0.4000 0.4200 0.4200 0.4300 0.4500 0.4500 0.4300 0.4500 0.4400 0.4300
2022-08-03T07:14:28 0.4200 0.4200 0.4300 0.4000 0.4300 0.4300 0.4000 0.4200 0.4300 0.4400 0.4600 0.4600 0.4300 0.4500 0.4400 0.4300
2022-08-07T05:00:42 0.4200 0.4200 0.4300 0.4000 0.4400 0.4400 0.4100 0.4300 0.4300 0.4400 0.4600 0.4600 0.4300 0.4500 0.4400 0.4300
2022-08-23T17:43:20 0.4200 0.4200 0.4300 0.4000 0.4400 0.4500 0.4200 0.4400 0.4300 0.4400 0.4600 0.4600 0.4300 0.4500 0.4400 0.4300
2022-10-01T11:01:24 0.4200 0.4200 0.4300 0.4000 0.4400 0.4500 0.4100 0.4400 0.4300 0.4400 0.4600 0.4600 0.4300 0.4500 0.4400 0.4300
2022-10-07T16:43:50 0.4200 0.4200 0.4500 0.4000 0.4400 0.4500 0.4100 0.4400 0.4300 0.4400 0.4600 0.4600 0.4300 0.4500 0.4400 0.4300
2022-10-12T09:30:06 0.4300 0.4300 0.4500 0.4200 0.4500 0.4600 0.4300 0.4500 0.4400 0.4600 0.4800 0.4900 0.4300 0.4500 0.4400 0.4300
2022-10-18T16:09:55 0.4300 0.4300 0.4500 0.4200 0.4500 0.4600 0.4300 0.4500 0.4400 0.4600 0.4800 0.4800 0.4300 0.4500 0.4400 0.4300
2022-10-20T00:31:24 0.4300 0.4300 0.4500 0.4200 0.4500 0.4600 0.4300 0.4500 0.4500 0.4700 0.5000 0.4900 0.4400 0.4600 0.4500 0.4400
2022-10-23T13:36:25 0.4400 0.4400 0.4600 0.4400 0.4500 0.4600 0.4300 0.4500 0.4500 0.4700 0.5100 0.5000 0.4400 0.4600 0.4500 0.4400
2022-10-29T20:58:19 0.4500 0.4500 0.4700 0.5100 0.4500 0.4600 0.4300 0.4500 0.4500 0.4900 0.5300 0.4900 0.4400 0.4600 0.4500 0.4400
2022-11-04T09:19:52 0.4500 0.4500 0.4600 0.4600 0.4500 0.4600 0.4300 0.4500 0.4600 0.5000 0.5300 0.5000 0.4400 0.4600 0.4500 0.4400
2022-11-05T17:10:07 0.4300 0.4300 0.4500 0.4300 0.4400 0.4600 0.4200 0.4500 0.4300 0.4600 0.4900 0.4800 0.4300 0.4500 0.4400 0.4300
2022-11-14T14:38:12 0.4400 0.4400 0.4500 0.4900 0.4500 0.4600 0.4300 0.4500 0.4400 0.4800 0.5000 0.4800 0.4300 0.4500 0.4400 0.4300
2022-11-17T13:30:22 0.4400 0.4400 0.4600 0.5000 0.4500 0.4600 0.4300 0.4500 0.4400 0.4800 0.5000 0.4800 0.4300 0.4500 0.4400 0.4300
2022-11-21T11:46:46 0.4100 0.4100 0.4300 0.4100 0.4300 0.4500 0.4100 0.4300 0.4300 0.4600 0.4800 0.4600 0.4300 0.4500 0.4400 0.4300
2022-11-28T20:51:37 0.4200 0.4200 0.4400 0.4200 0.4300 0.4500 0.4100 0.4300 0.4300 0.4600 0.4800 0.4600 0.4300 0.4500 0.4400 0.4300

2023-01-01T00:00:09 0.4200 0.4100 0.4400 0.4000 0.4200 0.4200 0.3900 0.4200 0.4300 0.4300 0.4600 0.4300 0.4300 0.4500 0.4500 0.4300
2023-04-30T16:39:31 0.4200 0.4100 0.4400 0.4000 0.4200 0.4400 0.4000 0.4300 0.4300 0.4300 0.4600 0.4300 0.4300 0.4500 0.4500 0.4300
2023-06-01T12:56:03 0.4200 0.4100 0.4400 0.4000 0.4200 0.4400 0.4100 0.4300 0.4300 0.4300 0.4600 0.4300 0.4300 0.4500 0.4500 0.4300
2023-06-07T09:37:39 0.4300 0.4200 0.4500 0.4100 0.4200 0.4500 0.4100 0.4300 0.4300 0.4500 0.4900 0.4500 0.4300 0.4500 0.4500 0.4300
2023-06-10T21:10:05 0.4300 0.4200 0.4500 0.4100 0.4300 0.4500 0.4200 0.4400 0.4400 0.4600 0.5000 0.4600 0.4300 0.4500 0.4500 0.4300
2023-06-13T10:18:04 0.4300 0.4200 0.4400 0.4000 0.4300 0.4500 0.4200 0.4400 0.4400 0.4600 0.5000 0.4600 0.4300 0.4500 0.4500 0.4300
2023-06-24T05:22:59 0.4300 0.4200 0.4400 0.4000 0.4200 0.4300 0.4000 0.4300 0.3800 0.4400 0.4600 0.4000 0.4300 0.4600 0.4500 0.4300
2023-07-02T14:53:21 0.4200 0.4000 0.4400 0.4000 0.4200 0.4300 0.4000 0.4300 0.3800 0.4400 0.4600 0.4000 0.4300 0.4600 0.4500 0.4300
2023-07-05T11:30:32 0.4300 0.4100 0.4400 0.4100 0.4300 0.4400 0.4100 0.4300 0.3800 0.4400 0.4700 0.4000 0.4300 0.4600 0.4500 0.4300
2023-07-08T05:02:58 0.4300 0.4300 0.4400 0.4100 0.4300 0.4400 0.4100 0.4300 0.3800 0.4400 0.4700 0.4000 0.4300 0.4600 0.4500 0.4300

2024-01-01T00:00:51 0.4100 0.4000 0.3900 0.4500 0.3800 0.3600 0.3600 0.3900 0.4000 0.3600 0.3600 0.3500 0.3900 0.3800 0.4100 0.3800
2024-04-12T04:10:52 0.4100 0.4000 0.3900 0.4500 0.3800 0.3600 0.3600 0.3900 0.4000 0.3600 0.3600 0.3500 0.3700 0.3700 0.4100 0.3700
2024-04-18T14:04:25 0.4100 0.4000 0.4000 0.4700 0.3900 0.3800 0.3800 0.4100 0.4000 0.3700 0.3700 0.3600 0.4000 0.3900 0.4400 0.4000
2024-04-21T17:53:28 0.4200 0.4000 0.4200 0.4700 0.3900 0.3700 0.3700 0.4100 0.4000 0.3800 0.3800 0.3600 0.4000 0.3900 0.4300 0.3900
2024-04-26T11:50:23 0.4300 0.4000 0.4900 0.4900 0.4000 0.4000 0.4000 0.4300 0.4000 0.4000 0.4000 0.3800 0.4100 0.4000 0.4400 0.4000
2024-05-04T02:50:51 0.4200 0.4000 0.4000 0.4600 0.4100 0.4100 0.4100 0.4400 0.4000 0.4400 0.4400 0.3800 0.4200 0.4100 0.4500 0.4100
2024-05-06T12:58:26 0.4200 0.4000 0.4000 0.4600 0.4100 0.4100 0.4100 0.4400 0.4000 0.4400 0.4400 0.3800 0.4100 0.4100 0.4500 0.4100
2024-05-07T08:00:26 0.4200 0.4000 0.4200 0.4700 0.4100 0.4100 0.4100 0.4400 0.4000 0.4300 0.4300 0.3600 0.4100 0.4100 0.4500 0.4100
2024-05-20T09:00:38 0.4200 0.4000 0.4100 0.4700 0.3900 0.3600 0.3600 0.4000 0.4000 0.3700 0.3700 0.3600 0.3900 0.3900 0.4200 0.3900
2024-05-31T07:00:38 0.4500 0.4000 0.4900 0.4900 0.3900 0.3600 0.3600 0.4000 0.4000 0.4300 0.4100 0.3900 0.3900 0.3900 0.4400 0.3900
2024-06-16T16:10:55 0.4300 0.4000 0.4100 0.4700 0.3900 0.3600 0.3600 0.4000 0.4000 0.4000 0.3700 0.3700 0.3900 0.3900 0.4200 0.3900
2024-06-29T08:10:29 0.4300 0.4000 0.4300 0.4800 0.3900 0.3700 0.3700 0.4000 0.4000 0.4100 0.3800 0.3800 0.3900 0.3900 0.4200 0.3900
2024-07-03T05:35:49 0.4600 0.4000 0.5100 0.4600 0.3900 0.3700 0.3900 0.4300 0.4000 0.4400 0.3700 0.4000 0.4000 0.4000 0.4400 0.4000
2024-07-11T09:35:49 0.4600 0.4000 0.4900 0.4700 0.3900 0.3700 0.3900 0.4300 0.4000 0.4500 0.3800 0.4000 0.4000 0.4000 0.4400 0.4000
2024-07-15T13:35:49 0.4600 0.4000 0.5300 0.4800 0.3900 0.3700 0.3900 0.4300 0.4000 0.4500 0.3800 0.4000 0.4000 0.4000 0.4400 0.4000
2024-08-05T17:30:57 0.4900 0.4000 0.5300 0.4600 0.4100 0.3900 0.4200 0.4300 0.4000 0.4000 0.3700 0.3700 0.4100 0.4100 0.4600 0.4100
2024-08-14T10:06:30 0.4900 0.4000 0.5300 0.4600 0.4100 0.4000 0.4200 0.4200 0.4000 0.4400 0.3900 0.4000 0.4200 0.4200 0.4400 0.4200
2024-08-23T19:50:32 0.4200 0.4000 0.4000 0.4500 0.3900 0.3800 0.3800 0.4100 0.4000 0.4200 0.3900 0.4000 0.3900 0.3900 0.4200 0.3900
2024-08-29T02:21:25 0.4200 0.4000 0.4000 0.4500 0.3900 0.3900 0.3900 0.4300 0.4000 0.4300 0.4000 0.4000 0.3900 0.3900 0.4200 0.3900
2024-09-05T20:21:25 0.4300 0.4000 0.4300 0.4800 0.3900 0.3900 0.3900 0.4100 0.4000 0.4300 0.3900 0.3700 0.3900 0.3900 0.4300 0.3900
2024-09-09T12:21:25 0.4300 0.4000 0.3900 0.4400 0.3900 0.3800 0.3800 0.4000 0.4000 0.4300 0.4000 0.3800 0.3900 0.3900 0.4300 0.3900
2024-09-17T12:21:25 0.4300 0.4000 0.4200 0.4600 0.3900 0.3800 0.3800 0.4000 0.4000 0.4500 0.4100 0.3900 0.4000 0.4000 0.4400 0.4000
2024-09-29T02:21:25 0.4300 0.4000 0.4000 0.4600 0.3900 0.3800 0.3800 0.4000 0.4000 0.4100 0.3800 0.3800 0.3900 0.3900 0.4300 0.3900