432
1000432
2000432
3000432
4000432
5000432
6000432
7000432
8000432
9000432
10000432
11000432
12000432
13000432
14000432
15000432
16000432
17000432
18000432
19000432
20000432
21000432
22000432
23000432
24000432
25000432
26000432
27000432
28000432
29000432
30000432
31000432
32000432
33000432
34000432
35000432
36000432
37000432
38000432
39000432
40000432
41000432
42000432
43000432
44000432
45000432
46000432
47000432
48000432
49000432
50000432
51000432
52000432
53000432
54000432
55000432
56000432
57000432
58000432
59000432
60000432
61000432
62000432
63000432
64000432
65000432
66000432
67000432
68000432
69000432
70000432
71000432
72000432
73000432
74000432
75000432
76000432
77000432
78000432
79000432
80000432
81000432
82000432
83000432
84000432
85000432
86000432
87000432
88000432
89000432
90000432
91000432
92000432
93000432
94000432
95000432
96000432
97000432
98000432
99000432
100000432
101000432
102000432
103000432
104000432
105000432
106000432
107000432
108000432
109000432
110000432
111000432
112000432
113000432
114000432
115000432
116000432
117000432
118000432
119000432
120000432
121000432
122000432
123000432
124000432
125000432
126000432
127000432
128000432
129000432
130000432
131000432
132000432
133000432
134000432
135000432
136000432
137000432
138000432
139000432
140000432
141000432
142000432
143000432
144000432
145000432
146000432
147000432
148000432
149000432
150000432
151000432
152000432
153000432
154000432
155000432
156000432
157000432
158000432
159000432
160000432
161000432
162000432
163000432
164000432
165000432
166000432
167000432
168000432
169000432
170000432
171000432
172000432
173000432
174000432
175000432
176000432
177000432
178000432
179000432
180000432
181000432
182000432
183000432
184000432
185000432
186000432
187000432
188000432
189000432
190000432
191000432
192000432
193000432
194000432
195000432
196000432
197000432
198000432
199000432
200000432
201000432
202000432
203000432
204000432
205000432
206000432
207000432
208000432
209000432
210000432
211000432
212000432
213000432
214000432
215000432
216000432
217000432
218000432
219000432
220000432
221000432
222000432
223000432
224000432
225000432
226000432
227000432
228000432
229000432
230000432
231000432
232000432
233000432
234000432
235000432
236000432
237000432
238000432
239000432
240000432
241000432
242000432
243000432
244000432
245000432
246000432
247000432
248000432
249000432
250000432
251000432
252000432
253000432
254000432
255000432
256000432
257000432
258000432
259000432
260000432
261000432
262000432
263000432
264000432
265000432
266000432
267000432
268000432
269000432
270000432
271000432
272000432
273000432
274000432
275000432
276000432
277000432
278000432
279000432
280000432
281000432
282000432
283000432
284000432
285000432
286000432
287000432
288000432
289000432
290000432
291000432
292000432
293000432
294000432
295000432
296000432
297000432
298000432
299000432
300000432
301000432
302000432
303000432
304000432
305000432
306000432
307000432
308000432
309000432
310000432
311000432
312000432
313000432
314000432
315000432
316000432
317000432
318000432
319000432
320000432
321000432
322000432
323000432
324000432
325000432
326000432
327000432
328000432
329000432
330000432
331000432
332000432
333000432
334000432
335000432
336000432
337000432
338000432
339000432
340000432
341000432
342000432
343000432
344000432
345000432
346000432
347000432
348000432
349000432
350000432
351000432
352000432
353000432
354000432
355000432
356000432
357000432
358000432
359000432
360000432
361000432
362000432
363000432
364000432
365000432
366000432
367000432
368000432
369000432
370000432
371000432
372000432
373000432
374000432
375000432
376000432
377000432
378000432
379000432
380000432
381000432
382000432
383000432
384000432
385000432
386000432
387000432
388000432
389000432
390000432
391000432
392000432
393000432
394000432
395000432
396000432
397000432
398000432
399000432
400000432
401000432
402000432
403000432
404000432
405000432
406000432
407000432
408000432
409000432
410000432
411000432
412000432
413000432
414000432
415000432
416000432
417000432
418000432
419000432
420000432
421000432
422000432
423000432
424000432
425000432
426000432
427000432
428000432
429000432
430000432
431000432
432000432
433000432
434000432
435000432
436000432
437000432
438000432
439000432
440000432
441000432
442000432
443000432
444000432
445000432
446000432
447000432
448000432
449000432
450000432
451000432
452000432
453000432
454000432
455000432
456000432
457000432
458000432
459000432
460000432
461000432
462000432
463000432
464000432
465000433
466000432
467000432
468000432
469000432
470000432
471000432
472000432
473000432
474000432
475000432
476000432
477000432
478000432
479000432
480000432
481000432
482000432
483000432
484000432
485000432
486000432
487000432
488000432
489000432
490000432
491000432
492000432
493000432
494000432
495000432
496000432
497000432
498000432
499000432
500000432
501000432
502000432
503000432
504000432
505000432
506000432
507000432
508000432
509000432
510000432
511000432
512000432
513000432
514000432
515000432
516000432
517000432
518000432
519000432
520000432
521000432
522000432
523000432
524000432
525000432
526000432
527000432
528000432
529000432
530000432
531000432
532000432
533000432
534000432
535000432
536000432
537000432
538000432
539000432
540000432
541000432
542000432
543000432
544000432
545000432
546000432
547000432
548000432
549000432
550000432
551000432
552000432
553000432
554000432
555000432
556000432
557000432
558000432
559000432
560000432
561000432
562000432
563000432
564000432
565000432
566000432
567000432
568000432
569000432
570000432
571000432
572000432
573000432
574000432
575000432
576000432
577000432
578000432
579000432
580000432
581000432
582000432
583000432
584000432
585000432
586000432
587000432
588000432
589000432
590000432
591000432
592000432
593000432
594000432
595000432
596000432
597000432
598000432
599000432
600000432
601000432
602000432
603000432
604000432
605000432
606000432
607000432
608000432
609000432
610000432
611000432
612000432
613000432
614000432
615000432
616000432
617000432
618000432
619000432
620000432
621000432
622000432
623000432
624000432
625000432
626000432
627000432
628000432
629000432
630000432
631000432
632000432
633000432
634000432
635000432
636000432
637000432
638000432
639000432
640000432
641000432
642000432
643000432
644000432
645000432
646000432
647000432
648000432
649000432
650000432
651000432
652000432
653000432
654000432
655000432
656000432
657000432
658000432
659000432
660000432
661000432
662000432
663000432
664000432
665000432
666000432
667000432
668000432
669000432
670000432
671000432
672000432
673000432
674000432
675000432
676000432
677000432
678000432
679000432
680000432
681000432
682000432
683000432
684000432
685000432
686000432
687000432
688000432
689000432
690000432
691000432
692000432
693000432
694000432
695000432
696000432
697000432
698000432
699000432
700000432
701000432
702000432
703000432
704000432
705000432
706000432
707000432
708000432
709000432
710000432
711000432
712000432
713000432
714000432
715000432
716000432
717000432
718000432
719000432
720000432
721000432
722000432
723000432
724000432
725000432
726000432
727000432
728000432
729000432
730000432
731000432
732000432
733000432
734000432
735000432
736000432
737000432
738000432
739000432
740000432
741000432
742000432
743000432
744000432
745000432
746000432
747000432
748000432
749000432
750000432
751000432
752000432
753000432
754000432
755000432
756000432
757000432
758000432
759000432
760000432
761000432
762000432
763000432
764000432
765000432
766000432
767000432
768000432
769000432
770000432
771000432
772000432
773000432
774000432
775000432
776000432
777000432
778000432
779000432
780000432
781000432
782000432
783000432
784000432
785000432
786000432
787000432
788000432
789000432
790000432
791000432
792000432
793000432
794000432
795000432
796000432
797000432
798000432
799000432
800000432
801000432
802000432
803000432
804000432
805000432
806000432
807000432
808000432
809000432
810000432
811000432
812000432
813000432
814000432
815000432
816000432
817000432
818000432
819000432
820000432
821000432
822000432
823000432
824000432
825000432
826000432
827000432
828000432
829000432
830000432
831000432
832000432
833000432
834000432
835000432
836000432
837000432
838000432
839000432
840000432
841000432
842000432
843000432
844000432
845000432
846000432
847000432
848000432
849000432
850000432
851000432
852000432
853000432
854000432
855000432
856000432
857000432
858000432
859000432
860000432
861000432
862000432
863000432
864000432
865000432
866000432
867000432
868000432
869000432
870000432
871000432
872000432
873000432
874000432
875000432
876000432
877000432
878000432
879000432
880000432
881000432
882000432
883000432
884000432
885000432
886000432
887000432
888000432
889000432
890000432
891000432
892000432
893000432
894000432
895000432
896000433
897000432
898000432
899000432
900000432
901000432
902000432
903000432
904000432
905000432
906000432
907000432
908000432
909000432
910000432
911000432
912000432
913000432
914000432
915000432
916000432
917000432
918000432
919000432
920000432
921000432
922000432
923000432
924000432
925000432
926000432
927000432
928000432
929000432
930000432
931000432
932000432
933000432
934000432
935000432
936000432
937000432
938000432
939000432
940000432
941000432
942000432
943000432
944000432
945000432
946000432
947000432
948000432
949000432
950000432
951000432
952000432
953000432
954000432
955000432
956000432
957000432
958000432
959000432
960000432
961000432
962000432
963000432
964000432
965000432
966000432
967000432
968000432
969000432
970000432
971000432
972000432
973000432
974000432
975000432
976000432
977000432
978000432
979000432
980000432
981000432
982000432
983000432
984000432
985000432
986000432
987000432
988000432
989000432
990000432
991000432
992000432
993000432
994000432
995000432
996000432
997000432
998000432
999000432
1000000432
1001000432
1002000432
1003000432
1004000432
1005000432
1006000432
1007000432
1008000432
1009000432
1010000432
1011000432
1012000432
1013000432
1014000432
1015000432
1016000432
1017000432
1018000432
1019000432
1020000432
1021000432
1022000432
1023000432
1024000432
1025000432
1026000432
1027000432
1028000432
1029000432
1030000432
1031000432
1032000432
1033000432
1034000432
1035000433
1036000432
1037000432
1038000432
1039000432
1040000432
1041000432
1042000432
1043000432
1044000432
1045000432
1046000432
1047000432
1048000432
1049000432
1050000432
1051000432
1052000432
1053000432
1054000432
1055000432
1056000432
1057000432
1058000432
1059000432
1060000432
1061000432
1062000432
1063000432
1064000432
1065000432
1066000432
1067000432
1068000432
1069000432
1070000432
1071000432
1072000432
1073000432
1074000432
1075000432
1076000432
1077000432
1078000432
1079000432
1080000432
1081000432
1082000432
1083000432
1084000432
1085000432
1086000432
1087000432
1088000432
1089000432
1090000432
1091000432
1092000432
1093000432
1094000432
1095000432
1096000432
1097000432
1098000432
1099000432
1100000432
1101000432
1102000432
1103000432
1104000432
1105000432
1106000432
1107000432
1108000432
1109000432
1110000432
1111000432
1112000432
1113000432
1114000432
1115000432
1116000432
1117000432
1118000432
1119000432
1120000432
1121000432
1122000432
1123000432
1124000432
1125000432
1126000432
1127000432
1128000432
1129000432
1130000432
1131000432
1132000432
1133000432
1134000432
1135000432
1136000432
1137000432
1138000432
1139000432
1140000432
1141000432
1142000432
1143000432
1144000432
1145000432
1146000432
1147000432
1148000432
1149000432
1150000432
1151000432
1152000432
1153000432
1154000432
1155000432
1156000432
1157000432
1158000432
1159000432
1160000432
1161000432
1162000432
1163000432
1164000432
1165000433
1166000432
1167000432
1168000432
1169000432
1170000432
1171000432
1172000432
1173000432
1174000432
1175000432
1176000432
1177000432
1178000432
1179000432
1180000432
1181000432
1182000432
1183000432
1184000432
1185000432
1186000432
1187000432
1188000432
1189000432
1190000432
1191000432
1192000432
1193000432
1194000432
1195000432
1196000432
1197000432
1198000432
1199000432
1200000432
1201000432
1202000432
1203000432
1204000432
1205000432
1206000432
1207000432
1208000432
1209000432
1210000432
1211000432
1212000432
1213000432
1214000432
1215000432
1216000432
1217000432
1218000432
1219000432
1220000432
1221000432
1222000432
1223000432
1224000432
1225000432
1226000432
1227000432
1228000432
1229000432
1230000432
1231000432
1232000432
1233000432
1234000432
1235000432
1236000432
1237000432
1238000432
1239000432
1240000432
1241000432
1242000432
1243000432
1244000432
1245000432
1246000432
1247000432
1248000432
1249000432
1250000432
1251000432
1252000432
1253000432
1254000432
1255000432
1256000432
1257000432
1258000432
1259000432
1260000432
1261000432
1262000432
1263000432
1264000432
1265000432
1266000432
1267000432
1268000432
1269000432
1270000432
1271000432
1272000432
1273000432
1274000432
1275000432
1276000432
1277000432
1278000432
1279000432
1280000432
